107.25977 -10.99479
107.38522 -10.79570
107.51329 -10.59213
107.64408 -10.38395
107.77766 -10.17100
107.91414  -9.95312
108.05359  -9.73016
108.19612  -9.50194
108.34182  -9.26829
108.49080  -9.02903
108.64317  -8.78395
108.79904  -8.53287
108.95854  -8.27557
109.12178  -8.01184
109.28891  -7.74146
109.46004  -7.46417
109.63533  -7.17975
109.81493  -6.88792
109.99899  -6.58843
110.18767  -6.28098
110.38115  -5.96530
110.57961  -5.64107
110.78324  -5.30798
110.99224  -4.96569
111.20681  -4.61385
111.42718  -4.25210
111.65357  -3.88006
111.88623  -3.49734
112.12542  -3.10352
112.37141  -2.69816
112.62448  -2.28083
112.88493  -1.85105
113.15307  -1.40833
113.42925  -0.95217
113.71382  -0.48202
114.00715   0.00266
114.30964   0.50245
114.62170   1.01795
114.94378   1.54977
115.27636   2.09857
115.61993   2.66500
115.97502   3.24976
116.34219   3.85356
116.72205   4.47713
117.11524   5.12123
117.52242   5.78662
117.94432   6.47410
118.38172   7.18446
118.83543   7.91851
119.30632   8.67708
119.79534   9.46099
120.30348  10.27104
120.83181  11.10804
121.38147  11.97277
121.95368  12.86599
122.54975  13.78841
123.17107  14.74067
123.81915  15.72337
124.49559  16.73701
125.20211  17.78198
125.94054  18.85855
126.71287  19.96684
127.52119  21.10679
128.36778  22.27815
129.25503  23.48042
130.18554  24.71286
131.16204  25.97443
132.18746  27.26376
133.26490  28.57915
134.39765  29.91850
135.58917  31.27930
136.84309  32.65863
138.16322  34.05312
139.55349  35.45894
141.01793  36.87180
142.56065  38.28698
144.18575  39.69932
145.89727  41.10327
147.69909  42.49291
149.59479  43.86205
151.58752  45.20425
153.67985  46.51292
155.87354  47.78143
158.16938  49.00321
160.56691  50.17183
163.06421  51.28119
165.65773  52.32560
168.34205  53.29990
171.10980  54.19961
173.95161  55.02107
176.85613  55.76146
179.81025  56.41895
182.79938  56.99273
185.80780  57.48299
188.81917  57.89094
191.81706  58.21873
194.78545  58.46937
197.70928  58.64662
200.57484  58.75481
203.37010  58.79874
206.08494  58.78352
208.71124  58.71440
211.24286  58.59669
213.67556  58.43559
216.00686  58.23616
218.23578  58.00319
220.36267  57.74119
222.38896  57.45437
224.31696  57.14656
226.14963  56.82128
227.89042  56.48168
229.54314  56.13061
231.11177  55.77059
232.60042  55.40385
234.01323  55.03236
235.35427  54.65784
236.62753  54.28178
237.83688  53.90550
238.98602  53.53010
240.07850  53.15653
241.11769  52.78563
242.10676  52.41807
243.04873  52.05443
243.94640  51.69519
244.80244  51.34076
245.61932  50.99145
246.39938  50.64752
247.14477  50.30917
247.85753  49.97654
248.53956  49.64976
249.19263  49.32890
249.81838  49.01398
250.41837  48.70504
250.99402  48.40206
251.54670  48.10501
252.07764  47.81385
252.58803  47.52853
253.07897  47.24897
253.55147  46.97509
254.00651  46.70681
254.44498  46.44404
254.86771  46.18668
255.27551  45.93462
255.66912  45.68776
256.04922  45.44600
256.41647  45.20923
256.77149  44.97733
257.11485  44.75021
257.44710  44.52774
257.76874  44.30983
258.08026  44.09636
258.38211  43.88723
258.67472  43.68233
258.95849  43.48156
259.23382  43.28482
259.50104  43.09201
259.76052  42.90303
260.01257  42.71779
260.25750  42.53620
260.49560  42.35815
260.72714  42.18357
260.95238  42.01236
261.17157  41.84444
261.38495  41.67973
261.59274  41.51815
261.79515  41.35961
261.99238  41.20405
262.18462  41.05138
262.37207  40.90154
262.55489  40.75446
262.73324  40.61006
262.90730  40.46828
263.07720  40.32906
263.24309  40.19233
263.40512  40.05804
263.56341  39.92611
263.71808  39.79650
263.86927  39.66915
264.01708  39.54400
264.16162  39.42101
264.30300  39.30011
264.44132  39.18127
264.57669  39.06443
264.70918  38.94954
264.83889  38.83656
264.96591  38.72545
265.09032  38.61615
265.21219  38.50864
265.33160  38.40286
265.44863  38.29879
265.56335  38.19637
265.67582  38.09557
265.78611  37.99637
265.89427  37.89871
266.00038  37.80257
266.10449  37.70791
266.20664  37.61471
266.30691  37.52292
266.40533  37.43252
266.50197  37.34348
266.59686  37.25576
266.69005  37.16935
266.78159  37.08421
266.87152  37.00031
266.95989  36.91764
267.04673  36.83616
267.13208  36.75584
267.21599  36.67668
267.29848  36.59863
267.37959  36.52169
267.45936  36.44582
267.53781  36.37100
267.61499  36.29722
267.69092  36.22445
267.76563  36.15267
267.83916  36.08187
267.91152  36.01202