wave_peak	wave_base	wave_top	note
447.60510	447.57949	447.63249	Fe 1
447.96196	447.94749	447.97749	Fe 1
447.99649	447.98449	448.00449	Fe 1
448.01308	448.00449	448.02349	Fe 1
448.02545	448.02349	448.03949	Fe 1
448.16124	448.14849	448.17349	Fe 1
448.22180	448.20249	448.24849	Fe 1
448.27338	448.26149	448.29849	Fe 1
448.42207	448.40349	448.44049	Fe 1
448.56820	448.55349	448.58449	Fe 1
448.81298	448.79249	448.82149	Fe 1
448.89102	448.86949	448.90149	Fe 1
448.91713	448.90149	448.93349	Fe 2
448.97450	448.95849	448.99249	Fe 1
449.00836	448.99249	449.03049	Fe 1
449.07805	449.06349	449.09849	Fe 1
449.14105	449.12549	449.15649	Fe 2
449.26742	449.25249	449.28349	Fe 1
449.40410	449.37449	449.41949	Fe 1
449.45685	449.42949	449.48349	Fe 1
449.59599	449.58149	449.60549	Fe 1
449.91441	449.90050	449.92950	Fe 1
450.48255	450.45450	450.49750	Fe 1
450.82850	450.81150	450.84550	Fe 2
450.97421	450.95550	450.99150	Fe 1
451.41892	451.40250	451.43050	Fe 1
451.44440	451.43050	451.46050	Fe 1
451.53413	451.51950	451.55450	Fe 2
451.75353	451.73950	451.77150	Fe 1
452.02261	452.00850	452.03950	Fe 2
452.26314	452.23950	452.27250	Fe 2
452.33958	452.32050	452.35650	Fe 1
452.51433	452.50050	452.54350	Fe 1
452.86261	452.82850	452.89950	Fe 1
452.96695	452.96350	452.97950	Fe 1
453.11500	453.10450	453.13450	Fe 1
453.16244	453.14850	453.17750	Fe 1
453.41586	453.40850	453.43950	Fe 2
453.88090	453.86550	453.90150	Fe 1
454.15206	454.13950	454.17650	Fe 2
454.24254	454.23250	454.25450	Fe 1
454.70020	454.69750	454.71250	Fe 1
454.78506	454.76750	454.80550	Fe 1
454.94956	454.93250	454.95450	Fe 2
455.44548	455.43550	455.46850	Fe 1
455.58970	455.57050	455.60050	Fe 2
455.61285	455.60050	455.63150	Fe 1
456.00902	455.99850	456.02350	Fe 1
456.14133	456.13050	456.16050	Fe 1
456.47023	456.46250	456.47650	Fe 1
456.48203	456.47650	456.49250	Fe 1
456.56737	456.56050	456.59250	Fe 1
456.65221	456.63650	456.66250	Fe 1
456.68801	456.66950	456.69750	Fe 1
456.87832	456.86550	456.88850	Fe 1
457.42286	457.40850	457.43450	Fe 1
457.47213	457.45850	457.48450	Fe 1
457.63361	457.61650	457.65250	Fe 2
458.05797	458.04950	458.07550	Fe 1
458.14734	458.14650	458.17750	Fe 1
458.28382	458.26650	458.30350	Fe 2
458.38359	458.35550	458.41550	Fe 2
458.47950	458.45750	458.49950	Fe 1
458.62362	458.61350	458.63250	Fe 1
458.71282	458.69950	458.73150	Fe 1
459.26435	459.25751	459.28751	Fe 1
459.53609	459.51251	459.54951	Fe 1
459.60417	459.57751	459.62551	Fe 1
459.77723	459.76051	459.78051	Fe 1
459.78621	459.78051	459.79851	Fe 1
459.81206	459.79851	459.82751	Fe 1
459.98410	459.96351	459.99851	Fe 1
460.09816	460.08751	460.11751	Fe 1
460.20063	460.18451	460.21851	Fe 1
460.29459	460.27451	460.31951	Fe 1
460.45562	460.43851	460.47251	Fe 1
460.55870	460.54951	460.57251	Fe 1
460.76495	460.74751	460.78051	Fe 1
461.12716	461.09751	461.14851	Fe 1
461.32112	461.30451	461.32851	Fe 1
461.55688	461.54351	461.56851	Fe 1
461.92886	461.90951	461.94251	Fe 1
462.05124	462.03551	462.06851	Fe 2
462.50487	462.47651	462.52351	Fe 1
462.93382	462.91751	462.95351	Fe 2
463.01224	462.99351	463.03251	Fe 1
463.28981	463.26751	463.31351	Fe 1
463.58472	463.57051	463.59851	Fe 1
463.75091	463.73251	463.76451	Fe 1
463.80115	463.78451	463.82351	Fe 1
464.34672	464.33151	464.36151	Fe 1
464.74363	464.70751	464.76551	Fe 1
465.45746	465.43651	465.48751	Fe 1
465.69796	465.67951	465.70951	Fe 2
466.15262	466.13751	466.16651	Fe 1
466.19713	466.18351	466.21351	Fe 1
466.37355	466.35651	466.37851	Fe 2
466.67584	466.66451	466.68951	Fe 2
466.74700	466.73251	466.75551	Fe 1
466.81210	466.78851	466.83851	Fe 1
466.91723	466.90351	466.92851	Fe 1
467.01706	467.00451	467.02851	Fe 2
467.28353	467.26451	467.29751	Fe 1
467.31852	467.29751	467.34151	Fe 1
467.51074	467.49451	467.52451	Fe 1
467.88499	467.86652	467.90252	Fe 1
467.92188	467.90952	467.94652	Fe 1
468.02918	468.02352	468.03852	Fe 1
468.05034	468.03852	468.06952	Fe 1
468.21108	468.20152	468.22352	Fe 1
468.35603	468.34152	468.37652	Fe 1
468.73796	468.72052	468.75152	Fe 1
468.81771	468.79952	468.83052	Fe 1
469.01398	468.99452	469.02852	Fe 1
469.14071	469.11952	469.15352	Fe 1
470.01580	469.99552	470.03052	Fe 1
470.10533	470.08052	470.12052	Fe 1
470.49519	470.47152	470.51952	Fe 1
470.54676	470.53152	470.56052	Fe 1
470.72796	470.70252	470.73952	Fe 1
470.74862	470.73952	470.76352	Fe 1
470.90704	470.88452	470.92652	Fe 1
471.02808	471.00252	471.04952	Fe 1
471.40813	471.38952	471.41752	Fe 1
472.09925	472.08152	472.11552	Fe 1
472.74302	472.72152	472.76352	Fe 1
472.85494	472.82852	472.87952	Fe 1
472.90230	472.88552	472.91352	Fe 1
472.96828	472.94952	472.98352	Fe 1
473.14678	473.12752	473.16452	Fe 2
473.35937	473.32852	473.37952	Fe 1
473.58484	473.56052	473.59752	Fe 1
473.67790	473.65752	473.69652	Fe 1
473.76300	473.75152	473.78052	Fe 1
474.03417	474.02652	474.04252	Fe 1
474.10572	474.10052	474.12052	Fe 1
474.15306	474.13452	474.17052	Fe 1
474.58024	474.55952	474.59752	Fe 1
474.99537	474.97752	475.01452	Fe 1
475.75775	475.74152	475.77752	Fe 1
476.54641	476.52352	476.56552	Fe 1
476.67948	476.67052	476.69952	Fe 1
476.83524	476.81452	476.85652	Fe 1
477.17126	477.16053	477.18753	Fe 1
477.28194	477.26353	477.30253	Fe 1
477.63614	477.61953	477.64253	Fe 1
477.94475	477.92353	477.96653	Fe 1
478.68129	478.66653	478.69653	Fe 1
478.78320	478.76553	478.80453	Fe 1
478.87614	478.86153	478.89053	Fe 1
478.96552	478.95053	478.98853	Fe 1
479.12144	479.10353	479.13953	Fe 1
479.82683	479.81453	479.84053	Fe 1
479.94122	479.92853	479.95853	Fe 1
480.06492	480.04053	480.08353	Fe 1
480.28845	480.27253	480.30853	Fe 1
480.77098	480.75853	480.79253	Fe 1
480.86708	480.86053	480.87953	Fe 1
512.16284	512.14056	512.18856	Fe 1
512.37283	512.35556	512.39556	Fe 1
512.51450	512.49256	512.54256	Fe 1
512.61949	512.60156	512.63956	Fe 1
512.73642	512.70956	512.75656	Fe 1
512.96311	512.95156	512.99056	Fe 1
513.14749	513.11156	513.16356	Fe 1
513.36974	513.33557	513.40357	Fe 1
513.73870	513.72257	513.76757	Fe 1
513.92698	513.89457	513.93657	Fe 1
513.94655	513.93657	513.98057	Fe 1
514.17431	514.15057	514.19357	Fe 1
514.25298	514.22657	514.26657	Fe 1
514.29203	514.28357	514.31857	Fe 1
514.50968	514.49657	514.52857	Fe 1
514.61231	514.59457	514.62357	Fe 2
514.80530	514.78157	514.81357	Fe 1
514.82252	514.81357	514.85257	Fe 1
515.08541	515.06657	515.11057	Fe 1
515.19140	515.16857	515.20857	Fe 1
515.90616	515.88757	515.92757	Fe 1
516.22803	516.19357	516.25357	Fe 1
516.45541	516.43257	516.47657	Fe 1
516.54166	516.52057	516.56057	Fe 1
516.62817	516.59157	516.64957	Fe 1
516.74764	516.74257	516.79257	Fe 1
516.90031	516.87757	516.93857	Fe 2
517.16094	517.13757	517.18357	Fe 1
518.00659	517.98557	518.02557	Fe 1
518.42472	518.41457	518.44257	Fe 1
518.79162	518.76557	518.80757	Fe 1
519.14641	519.11557	519.17357	Fe 1
519.23535	519.21157	519.27257	Fe 1
519.49501	519.47357	519.52057	Fe 1
519.54754	519.52857	519.57857	Fe 1
519.60622	519.58457	519.62657	Fe 1
519.75746	519.73757	519.77257	Fe 2
519.87169	519.84957	519.89957	Fe 1
520.23189	520.20857	520.25357	Fe 1
520.85783	520.85457	520.87957	Fe 1
521.51879	521.49857	521.54357	Fe 1
521.62812	521.60157	521.64357	Fe 1
521.73942	521.71957	521.76457	Fe 1
521.79110	521.77557	521.80457	Fe 1
522.55325	522.52858	522.56758	Fe 1
522.68732	522.66958	522.70158	Fe 1
522.71900	522.70158	522.74758	Fe 1
522.83808	522.82258	522.85558	Fe 1
522.98571	522.95858	523.00858	Fe 1
523.29517	523.26158	523.35158	Fe 1
523.46291	523.44158	523.48558	Fe 2
523.54044	523.52658	523.56458	Fe 1
524.24970	524.23458	524.27058	Fe 1
524.37799	524.35958	524.40058	Fe 1
524.70549	524.69058	524.72058	Fe 1
525.02145	525.00058	525.03858	Fe 1
525.06509	525.04558	525.08658	Fe 1
525.34657	525.32858	525.36758	Fe 1
525.49504	525.47058	525.52158	Fe 1
526.33139	526.31158	526.35958	Fe 1
526.38561	526.36758	526.39958	Fe 1
526.48101	526.46358	526.49958	Fe 2
526.65612	526.62958	526.69058	Fe 1
526.95465	526.91258	526.99658	Fe 1
527.03268	527.00758	527.06158	Fe 1
527.31724	527.29858	527.32758	Fe 1
527.33800	527.32758	527.36958	Fe 1
527.60247	527.58658	527.63158	Fe 2
528.03523	528.01658	528.05158	Fe 1
528.17940	528.14958	528.21258	Fe 1
528.36254	528.32258	528.39258	Fe 1
528.41126	528.39258	528.42958	Fe 2
528.85313	528.83758	528.87158	Fe 1
529.87833	529.86558	529.89958	Fe 1
530.23068	530.20858	530.25658	Fe 1
530.73626	530.70458	530.75858	Fe 1
531.66374	531.64059	531.67159	Fe 2
531.67538	531.67159	531.69959	Fe 2
532.11112	532.09359	532.12859	Fe 1
532.20432	532.18059	532.22559	Fe 1
532.41847	532.38859	532.45459	Fe 1
532.55592	532.53859	532.57759	Fe 2
532.80493	532.76459	532.82159	Fe 1
532.85350	532.84159	532.88459	Fe 1
532.99874	532.98659	533.02259	Fe 1
533.26646	533.25159	533.27659	Fe 1
533.29057	533.27659	533.31359	Fe 1
533.77463	533.75659	533.79559	Fe 2
533.99358	533.96359	534.01459	Fe 1
534.10389	534.08159	534.12759	Fe 1
534.97461	534.96159	535.00159	Fe 1
535.33921	535.31859	535.36759	Fe 1
536.16150	536.13359	536.17859	Fe 1
536.28503	536.25659	536.32459	Fe 2
536.48789	536.46059	536.51959	Fe 1
536.54051	536.51959	536.55959	Fe 1
536.74738	536.71959	536.77159	Fe 1
536.99705	536.97259	537.02059	Fe 1
537.14942	537.10759	537.18559	Fe 1
537.37147	537.35359	537.39159	Fe 1
605.60087	605.57967	605.62667	Fe 1
606.54933	606.52667	606.57767	Fe 1
607.84968	607.81767	607.87467	Fe 1
607.90102	607.88167	607.92767	Fe 1
610.21818	610.18167	610.23967	Fe 1
610.32128	610.29967	610.34667	Fe 1
612.79122	612.76367	612.81167	Fe 1
613.66254	613.62568	613.68468	Fe 1
613.69991	613.68468	613.72268	Fe 1
613.77012	613.73968	613.79568	Fe 1
614.77823	614.74668	614.80368	Fe 2
614.92516	614.90668	614.95068	Fe 2
615.16253	615.14568	615.18868	Fe 1
615.77350	615.75068	615.79868	Fe 1
616.53664	616.51868	616.55468	Fe 1
617.05157	617.02968	617.08268	Fe 1
617.33413	617.31268	617.35868	Fe 1
618.02042	617.98968	618.05068	Fe 1
618.79986	618.77368	618.82068	Fe 1
619.15715	619.13568	619.18368	Fe 1
620.03196	619.99868	620.05468	Fe 1
621.34375	621.31768	621.36768	Fe 1
621.51408	621.49068	621.54268	Fe 1
621.92848	621.90668	621.94768	Fe 1
623.07353	623.03169	623.10269	Fe 1
623.26459	623.24269	623.28969	Fe 1
