waveobs	flux	err
484.1209999972967	0.0	0.0
484.12199999729665	0.977932568306508	0.0
484.12299999729663	0.9766796566400897	0.0
484.1239999972966	0.975200424886075	0.0
484.1249999972966	0.9735198843296676	0.0
484.12599999729656	0.9716998979160313	0.0
484.12699999729654	0.9698285252897595	0.0
484.1279999972965	0.9679945573423712	0.0
484.1289999972965	0.9662628862257068	0.0
484.12999999729647	0.9646661630964226	0.0
484.13099999729644	0.9632126997367698	0.0
484.1319999972964	0.9618993186906306	0.0
484.1329999972964	0.9607202054118745	0.0
484.13399999729637	0.9596700796274229	0.0
484.13499999729635	0.9587438280135675	0.0
484.1359999972963	0.9579349592658811	0.0
484.1369999972963	0.9572340238212975	0.0
484.1379999972963	0.9566277074080856	0.0
484.13899999729625	0.9560985091340006	0.0
484.13999999729623	0.9556248657088097	0.0
484.1409999972962	0.9551814363781097	0.0
484.1419999972962	0.9547393380737805	0.0
484.14299999729616	0.9542663319215507	0.0
484.14399999729613	0.9537272202646601	0.0
484.1449999972961	0.9530848825529401	0.0
484.1459999972961	0.9523023409499676	0.0
484.14699999729606	0.9513459605230711	0.0
484.14799999729604	0.9501894210032638	0.0
484.148999997296	0.9488176137868494	0.0
484.149999997296	0.9472293309607338	0.0
484.15099999729597	0.9454376922424415	0.0
484.15199999729595	0.9434677430663132	0.0
484.1529999972959	0.9413514307521028	0.0
484.1539999972959	0.9391209779916796	0.0
484.1549999972959	0.9368022481509789	0.0
484.15599999729585	0.9344098387287716	0.0
484.1569999972958	0.9319452938724774	0.0
484.1579999972958	0.9293990831558805	0.0
484.1589999972958	0.9267560421216603	0.0
484.15999999729576	0.9240030515020443	0.0
484.16099999729573	0.9211370930218127	0.0
484.1619999972957	0.9181716596092947	0.0
484.1629999972957	0.9151399013242011	0.0
484.16399999729566	0.9120937655328977	0.0
484.16499999729564	0.9090994730612901	0.0
484.1659999972956	0.9062305996208389	0.0
484.1669999972956	0.9035604954777037	0.0
484.16799999729557	0.9011556563960179	0.0
484.16899999729554	0.899071069412878	0.0
484.1699999972955	0.8973477763875165	0.0
484.1709999972955	0.8960122305557386	0.0
484.1719999972955	0.8950766698352446	0.0
484.17299999729545	0.8945397443240463	0.0
484.1739999972954	0.8943869335856371	0.0
484.1749999972954	0.8945907256707883	0.0
484.1759999972954	0.8951109497508759	0.0
484.17699999729535	0.8958959238744596	0.0
484.17799999729533	0.896885098090243	0.0
484.1789999972953	0.8980135926605546	0.0
484.1799999972953	0.8992184873593374	0.0
484.18099999729526	0.900446053385161	0.0
484.18199999729524	0.9016585608556453	0.0
484.1829999972952	0.9028390741512043	0.0
484.1839999972952	0.9039928970812289	0.0
484.18499999729517	0.9051450111804804	0.0
484.18599999729514	0.906333762032076	0.0
484.1869999972951	0.9076019151385072	0.0
484.1879999972951	0.9089867919446689	0.0
484.18899999729507	0.910511394426175	0.0
484.18999999729505	0.9121782388414341	0.0
484.190999997295	0.9139671170069809	0.0
484.191999997295	0.9158372730260849	0.0
484.192999997295	0.9177336215525534	0.0
484.19399999729495	0.9195957802690176	0.0
484.19499999729493	0.9213680441360095	0.0
484.1959999972949	0.9230082056100857	0.0
484.1969999972949	0.9244934474333601	0.0
484.19799999729486	0.9258223417213867	0.0
484.19899999729483	0.9270130234214325	0.0
484.1999999972948	0.9280985126376242	0.0
484.2009999972948	0.9291206456233305	0.0
484.20199999729476	0.9301240353374557	0.0
484.20299999729474	0.9311510324313113	0.0
484.2039999972947	0.9322380458327345	0.0
484.2049999972947	0.9334130668279434	0.0
484.20599999729467	0.9346939857095594	0.0
484.20699999729464	0.9360873281753193	0.0
484.2079999972946	0.9375872918668893	0.0
484.2089999972946	0.9391752907336075	0.0
484.2099999972946	0.9408204596872395	0.0
484.21099999729455	0.9424816049318681	0.0
484.2119999972945	0.9441108471243005	0.0
484.2129999972945	0.9456587416959448	0.0
484.2139999972945	0.9470801306664197	0.0
484.21499999729446	0.9483396026116454	0.0
484.21599999729443	0.9494153977437226	0.0
484.2169999972944	0.9503009473594806	0.0
484.2179999972944	0.9510038639954314	0.0
484.21899999729436	0.9515428619059061	0.0
484.21999999729434	0.9519435424053626	0.0
484.2209999972943	0.9522340890201842	0.0
484.2219999972943	0.9524417043506188	0.0
484.22299999729427	0.952590226327168	0.0
484.22399999729424	0.9526989620856009	0.0
484.2249999972942	0.95278250017099	0.0
484.2259999972942	0.9528511480571182	0.0
484.2269999972942	0.9529116618444959	0.0
484.22799999729415	0.9529680260611961	0.0
484.2289999972941	0.9530221464253416	0.0
484.2299999972941	0.9530744035860862	0.0
484.2309999972941	0.9531240708567502	0.0
484.23199999729405	0.9531696268117092	0.0
484.23299999729403	0.9532090013092239	0.0
484.233999997294	0.9532397874079154	0.0
484.234999997294	0.9532594374607339	0.0
484.23599999729396	0.9532654453087747	0.0
484.23699999729394	0.953255503582401	0.0
484.2379999972939	0.9532276188866222	0.0
484.2389999972939	0.9531801670540241	0.0
484.23999999729386	0.9531118708577804	0.0
484.24099999729384	0.9530216782150386	0.0
484.2419999972938	0.9529085082196527	0.0
484.2429999972938	0.9527708195973926	0.0
484.24399999729377	0.9526059508597543	0.0
484.24499999729375	0.9524091949688969	0.0
484.2459999972937	0.9521726132674365	0.0
484.2469999972937	0.9518836672091439	0.0
484.2479999972937	0.9515238439918223	0.0
484.24899999729365	0.9510675477260847	0.0
484.2499999972936	0.9504815759714932	0.0
484.2509999972936	0.9497254498513894	0.0
484.2519999972936	0.9487526855930817	0.0
484.25299999729356	0.9475128199251492	0.0
484.25399999729353	0.9459537465236327	0.0
484.2549999972935	0.9440238488965349	0.0
484.2559999972935	0.9416736462085452	0.0
484.25699999729346	0.938857169338478	0.0
484.25799999729344	0.9355338227642307	0.0
484.2589999972934	0.9316717131053123	0.0
484.2599999972934	0.9272530632560425	0.0
484.26099999729337	0.9222813880225487	0.0
484.26199999729334	0.9167889405516614	0.0
484.2629999972933	0.9108421199972662	0.0
484.2639999972933	0.9045425513343969	0.0
484.2649999972933	0.8980225351842139	0.0
484.26599999729325	0.891435181744237	0.0
484.2669999972932	0.8849411405090242	0.0
484.2679999972932	0.8786947794101269	0.0
484.2689999972932	0.8728326306944363	0.0
484.26999999729316	0.8674660196903825	0.0
484.27099999729313	0.8626784697163806	0.0
484.2719999972931	0.8585272565909072	0.0
484.2729999972931	0.8550477368623006	0.0
484.27399999729306	0.8522588925864512	0.0
484.27499999729304	0.8501687885198602	0.0
484.275999997293	0.8487790879676554	0.0
484.276999997293	0.8480882103414147	0.0
484.27799999729297	0.8480930238293003	0.0
484.27899999729294	0.8487891394133147	0.0
484.2799999972929	0.8501699589243279	0.0
484.2809999972929	0.8522246928203311	0.0
484.28199999729287	0.8549356387793264	0.0
484.28299999729285	0.8582750887110558	0.0
484.2839999972928	0.8622022528027502	0.0
484.2849999972928	0.8666604839117044	0.0
484.2859999972928	0.8715748295250151	0.0
484.28699999729275	0.876849616922023	0.0
484.28799999729273	0.8823655999443354	0.0
484.2889999972927	0.8879764169459806	0.0
484.2899999972927	0.8935048619847483	0.0
484.29099999729266	0.8987405982517209	0.0
484.29199999729263	0.9034419509295667	0.0
484.2929999972926	0.9073446396577641	0.0
484.2939999972926	0.9101792489170112	0.0
484.29499999729256	0.9116969039522672	0.0
484.29599999729254	0.911699688207327	0.0
484.2969999972925	0.9100699191281786	0.0
484.2979999972925	0.9067915666175821	0.0
484.29899999729247	0.9019583671433303	0.0
484.29999999729245	0.8957662412568734	0.0
484.3009999972924	0.888491443906923	0.0
484.3019999972924	0.880459187731611	0.0
484.3029999972924	0.8720092657534453	0.0
484.30399999729235	0.8634650683027613	0.0
484.3049999972923	0.8551106330550766	0.0
484.3059999972923	0.8471777637077399	0.0
484.3069999972923	0.8398427123549281	0.0
484.30799999729226	0.833230146444558	0.0
484.30899999729223	0.8274214082727803	0.0
484.3099999972922	0.8224643027322941	0.0
484.3109999972922	0.8183824351800697	0.0
484.31199999729216	0.8151830376682493	0.0
484.31299999729214	0.812862963590195	0.0
484.3139999972921	0.8114129795279665	0.0
484.3149999972921	0.8108206693917672	0.0
484.31599999729207	0.8110722850370993	0.0
484.31699999729204	0.8121538103587312	0.0
484.317999997292	0.8140513814715592	0.0
484.318999997292	0.8167510155823761	0.0
484.319999997292	0.8202373519834049	0.0
484.32099999729195	0.8244908759362598	0.0
484.3219999972919	0.8294830364805862	0.0
484.3229999972919	0.8351689614198589	0.0
484.3239999972919	0.8414782044575407	0.0
484.32499999729185	0.8483050150637608	0.0
484.32599999729183	0.8555006510681815	0.0
484.3269999972918	0.8628707745932152	0.0
484.3279999972918	0.8701805805491426	0.0
484.32899999729176	0.8771688985617784	0.0
484.32999999729174	0.8835703772857135	0.0
484.3309999972917	0.8891426152689095	0.0
484.3319999972917	0.8936934520247953	0.0
484.33299999729167	0.8971031285721414	0.0
484.33399999729164	0.8993368830379543	0.0
484.3349999972916	0.9004455742743729	0.0
484.3359999972916	0.9005545791448423	0.0
484.33699999729157	0.8998437368658214	0.0
484.33799999729155	0.8985227953904802	0.0
484.3389999972915	0.8968072121822308	0.0
484.3399999972915	0.8948982834409702	0.0
484.3409999972915	0.8929698570632306	0.0
484.34199999729145	0.8911619813523692	0.0
484.34299999729143	0.8895803461801469	0.0
484.3439999972914	0.8882996007052301	0.0
484.3449999972914	0.8873685687100831	0.0
484.34599999729136	0.8868157916952115	0.0
484.34699999729133	0.886654416756697	0.0
484.3479999972913	0.886885992429988	0.0
484.3489999972913	0.887503144378868	0.0
484.34999999729126	0.8884913675865399	0.0
484.35099999729124	0.889830313966857	0.0
484.3519999972912	0.8914949791644856	0.0
484.3529999972912	0.893457089588849	0.0
484.35399999729117	0.8956867696825934	0.0
484.35499999729115	0.8981542915368148	0.0
484.3559999972911	0.9008314837507241	0.0
484.3569999972911	0.9036923135649421	0.0
484.3579999972911	0.906712303292669	0.0
484.35899999729105	0.9098667526512554	0.0
484.359999997291	0.9131280978847641	0.0
484.360999997291	0.9164630278130065	0.0
484.361999997291	0.9198301278097512	0.0
484.36299999729096	0.9231788211219144	0.0
484.36399999729093	0.9264502247089944	0.0
484.3649999972909	0.9295802216209951	0.0
484.3659999972909	0.932504568785414	0.0
484.36699999729086	0.935165271138913	0.0
484.36799999729084	0.9375169286027116	0.0
484.3689999972908	0.939531528467222	0.0
484.3699999972908	0.9412003757582839	0.0
484.37099999729077	0.9425325095304328	0.0
484.37199999729074	0.9435498219708067	0.0
484.3729999972907	0.944279859417531	0.0
484.3739999972907	0.9447476894440421	0.0
484.3749999972907	0.9449682098921239	0.0
484.37599999729065	0.9449399957331535	0.0
484.3769999972906	0.9446414543534409	0.0
484.3779999972906	0.9440298468964133	0.0
484.3789999972906	0.9430436229881087	0.0
484.37999999729055	0.9416083470100164	0.0
484.38099999729053	0.9396460735320893	0.0
484.3819999972905	0.9370872928879861	0.0
484.3829999972905	0.9338836809974882	0.0
484.38399999729046	0.9300192189633275	0.0
484.38499999729044	0.9255172000418497	0.0
484.3859999972904	0.9204414158846084	0.0
484.3869999972904	0.9148912473556251	0.0
484.38799999729036	0.9089919744540427	0.0
484.38899999729034	0.902882747524276	0.0
484.3899999972903	0.896704906392272	0.0
484.3909999972903	0.8905926821480448	0.0
484.39199999729027	0.8846671514904829	0.0
484.39299999729025	0.879033190221241	0.0
484.3939999972902	0.8737785199513881	0.0
484.3949999972902	0.8689738771558132	0.0
484.3959999972902	0.8646736747247752	0.0
484.39699999729015	0.8609169641537778	0.0
484.3979999972901	0.8577287991357815	0.0
484.3989999972901	0.8551221697697654	0.0
484.3999999972901	0.853100576638814	0.0
484.40099999729006	0.8516611420258661	0.0
484.40199999729003	0.8507979760566639	0.0
484.40299999729	0.8505053540559538	0.0
484.40399999729	0.8507801400539113	0.0
484.40499999728996	0.8516228561149197	0.0
484.40599999728994	0.8530369036977941	0.0
484.4069999972899	0.855025714687066	0.0
484.4079999972899	0.8575880059015196	0.0
484.40899999728987	0.8607117398394983	0.0
484.40999999728984	0.8643677581346728	0.0
484.4109999972898	0.8685042878149528	0.0
484.4119999972898	0.8730435905973232	0.0
484.4129999972898	0.8778818956413447	0.0
484.41399999728975	0.8828933683913207	0.0
484.4149999972897	0.8879381822091487	0.0
484.4159999972897	0.8928738370703367	0.0
484.4169999972897	0.8975679327750278	0.0
484.41799999728966	0.9019099954100722	0.0
484.41899999728963	0.9058199869620835	0.0
484.4199999972896	0.909251893060198	0.0
484.4209999972896	0.9121920576859146	0.0
484.42199999728956	0.914653242752769	0.0
484.42299999728954	0.9166662379391128	0.0
484.4239999972895	0.9182709673031795	0.0
484.4249999972895	0.9195085318266124	0.0
484.42599999728947	0.9204148742992171	0.0
484.42699999728944	0.9210161866242205	0.0
484.4279999972894	0.9213260329409858	0.0
484.4289999972894	0.921344360584135	0.0
484.42999999728937	0.9210588137453801	0.0
484.43099999728935	0.9204487283074414	0.0
484.4319999972893	0.9194917247194861	0.0
484.4329999972893	0.9181720483495852	0.0
484.4339999972893	0.9164890579096834	0.0
484.43499999728925	0.9144638954566153	0.0
484.43599999728923	0.9121426054908228	0.0
484.4369999972892	0.9095947744269006	0.0
484.4379999972892	0.9069078701811891	0.0
484.43899999728916	0.9041785003188781	0.0
484.43999999728914	0.9015024547828948	0.0
484.4409999972891	0.8989655072313155	0.0
484.4419999972891	0.8966365691735887	0.0
484.44299999728906	0.894564113761112	0.0
484.44399999728904	0.892776037347577	0.0
484.444999997289	0.8912824836289399	0.0
484.445999997289	0.8900807121701513	0.0
484.44699999728897	0.8891608786853703	0.0
484.44799999728895	0.8885116023319233	0.0
484.4489999972889	0.8881244018941802	0.0
484.4499999972889	0.8879964412167143	0.0
484.4509999972889	0.8881314534184626	0.0
484.45199999728885	0.8885391049200512	0.0
484.4529999972888	0.8892333107892518	0.0
484.4539999972888	0.89023006471629	0.0
484.4549999972888	0.8915452121891129	0.0
484.45599999728876	0.8931923488121795	0.0
484.45699999728873	0.8951807720578675	0.0
484.4579999972887	0.897513252383083	0.0
484.4589999972887	0.9001833862008739	0.0
484.45999999728866	0.9031724748846756	0.0
484.46099999728864	0.9064462165531424	0.0
484.4619999972886	0.9099519135757105	0.0
484.4629999972886	0.9136172352378765	0.0
484.46399999728857	0.917351643156667	0.0
484.46499999728854	0.9210512386253286	0.0
484.4659999972885	0.9246070152503378	0.0
484.4669999972885	0.9279154849815878	0.0
484.4679999972885	0.9308897455513955	0.0
484.46899999728845	0.9334686554916759	0.0
484.4699999972884	0.9356221041554518	0.0
484.4709999972884	0.9373513437518793	0.0
484.4719999972884	0.9386846426670307	0.0
484.47299999728835	0.9396696531108404	0.0
484.47399999728833	0.9403644827419864	0.0
484.4749999972883	0.9408293923245225	0.0
484.4759999972883	0.9411204546685885	0.0
484.47699999728826	0.9412857107618822	0.0
484.47799999728824	0.9413636535105532	0.0
484.4789999972882	0.941383442023421	0.0
484.4799999972882	0.9413661278356127	0.0
484.48099999728817	0.9413262744838462	0.0
484.48199999728814	0.9412735516032832	0.0
484.4829999972881	0.9412140852553842	0.0
484.4839999972881	0.9411514959155564	0.0
484.48499999728807	0.9410876440866935	0.0
484.48599999728805	0.9410231426964655	0.0
484.486999997288	0.9409577021929841	0.0
484.487999997288	0.9408903623067297	0.0
484.488999997288	0.940819643626089	0.0
484.48999999728795	0.9407436310174695	0.0
484.49099999728793	0.9406599885878223	0.0
484.4919999972879	0.9405659102324089	0.0
484.4929999972879	0.9404580331385817	0.0
484.49399999728786	0.9403323763258509	0.0
484.49499999728783	0.9401843945670796	0.0
484.4959999972878	0.9400092378952176	0.0
484.4969999972878	0.939802263513388	0.0
484.49799999728776	0.9395597638379051	0.0
484.49899999728774	0.9392797776405112	0.0
484.4999999972877	0.9389627813606196	0.0
484.5009999972877	0.9386120512101698	0.0
484.50199999728767	0.9382335561665209	0.0
484.50299999728765	0.9378353659040987	0.0
484.5039999972876	0.9374266888302119	0.0
484.5049999972876	0.9370167434154798	0.0
484.5059999972876	0.9366136828363553	0.0
484.50699999728755	0.9362237450054168	0.0
484.5079999972875	0.9358507211926194	0.0
484.5089999972875	0.9354957665975104	0.0
484.5099999972875	0.9351575393430146	0.0
484.51099999728746	0.9348326476635134	0.0
484.51199999728743	0.9345163846767928	0.0
484.5129999972874	0.9342037085564708	0.0
484.5139999972874	0.933890371554337	0.0
484.51499999728736	0.9335740293202834	0.0
484.51599999728734	0.9332551096205567	0.0
484.5169999972873	0.9329372269360428	0.0
484.5179999972873	0.9326270147403184	0.0
484.51899999728727	0.9323333913303926	0.0
484.51999999728724	0.9320664259107851	0.0
484.5209999972872	0.9318360686014011	0.0
484.5219999972872	0.9316510127637807	0.0
484.5229999972872	0.9315178739395097	0.0
484.52399999728715	0.9314407393752293	0.0
484.5249999972871	0.9314210249273123	0.0
484.5259999972871	0.9314575191809624	0.0
484.5269999972871	0.9315465121389963	0.0
484.52799999728705	0.9316819756806297	0.0
484.52899999728703	0.9318558392941714	0.0
484.529999997287	0.9320584396033821	0.0
484.530999997287	0.9322791881583626	0.0
484.53199999728696	0.9325074044318229	0.0
484.53299999728694	0.9327331377404982	0.0
484.5339999972869	0.9329477063549643	0.0
484.5349999972869	0.933143658401694	0.0
484.53599999728686	0.9333139215571162	0.0
484.53699999728684	0.933450038865104	0.0
484.5379999972868	0.9335395532169203	0.0
484.5389999972868	0.9335627810056809	0.0
484.53999999728677	0.933489408300796	0.0
484.54099999728675	0.9332755614737447	0.0
484.5419999972867	0.9328622285352799	0.0
484.5429999972867	0.9321760495595256	0.0
484.5439999972867	0.9311334028799749	0.0
484.54499999728665	0.9296482407722537	0.0
484.54599999728663	0.9276432428075578	0.0
484.5469999972866	0.9250627341190959	0.0
484.5479999972866	0.9218848407241645	0.0
484.54899999728656	0.9181299751020999	0.0
484.54999999728653	0.9138632620646403	0.0
484.5509999972865	0.9091898873643274	0.0
484.5519999972865	0.9042441612285465	0.0
484.55299999728646	0.8991746984307387	0.0
484.55399999728644	0.8941289537075926	0.0
484.5549999972864	0.8892401687990252	0.0
484.5559999972864	0.8846187541038808	0.0
484.55699999728637	0.8803487146434438	0.0
484.55799999728634	0.876488466473494	0.0
484.5589999972863	0.8730746351530992	0.0
484.5599999972863	0.8701272666296981	0.0
484.5609999972863	0.8676551651983416	0.0
484.56199999728625	0.8656605539944252	0.0
484.5629999972862	0.8641427112109351	0.0
484.5639999972862	0.8631005503922106	0.0
484.5649999972862	0.8625342673701384	0.0
484.56599999728616	0.8624462111176233	0.0
484.56699999728613	0.8628411055575593	0.0
484.5679999972861	0.8637256933378861	0.0
484.5689999972861	0.8651078079409833	0.0
484.56999999728606	0.8669948123783999	0.0
484.57099999728604	0.8693912819051305	0.0
484.571999997286	0.8722957872850691	0.0
484.572999997286	0.8756967106068231	0.0
484.57399999728597	0.8795672558738639	0.0
484.57499999728594	0.8838602173316701	0.0
484.5759999972859	0.8885035638026377	0.0
484.5769999972859	0.8933983002225928	0.0
484.5779999972859	0.8984201241187847	0.0
484.57899999728585	0.903425898304807	0.0
484.5799999972858	0.9082648937522411	0.0
484.5809999972858	0.912793373245641	0.0
484.5819999972858	0.9168898650787183	0.0
484.58299999728575	0.920467927745377	0.0
484.58399999728573	0.9234836285852384	0.0
484.5849999972857	0.9259362674784728	0.0
484.5859999972857	0.927862619515754	0.0
484.58699999728566	0.9293265274252444	0.0
484.58799999728564	0.9304065339629268	0.0
484.5889999972856	0.9311842149830896	0.0
484.5899999972856	0.9317351239695867	0.0
484.59099999728556	0.9321231858101148	0.0
484.59199999728554	0.932398397723211	0.0
484.5929999972855	0.9325970734638018	0.0
484.5939999972855	0.9327436590838842	0.0
484.59499999728547	0.9328532507531662	0.0
484.59599999728545	0.9329341929792007	0.0
484.5969999972854	0.9329903898465195	0.0
484.5979999972854	0.9330231492110436	0.0
484.5989999972854	0.9330324888710553	0.0
484.59999999728535	0.9330178892248091	0.0
484.6009999972853	0.9329785118403763	0.0
484.6019999972853	0.9329129417655995	0.0
484.6029999972853	0.9328185627924351	0.0
484.60399999728526	0.9326907355671112	0.0
484.60499999728523	0.9325220050718275	0.0
484.6059999972852	0.9323015965905769	0.0
484.6069999972852	0.9320154443629673	0.0
484.60799999728516	0.931646914728423	0.0
484.60899999728514	0.9311782309526505	0.0
484.6099999972851	0.9305924032437942	0.0
484.6109999972851	0.9298752696033853	0.0
484.61199999728507	0.9290171347641748	0.0
484.61299999728504	0.928013518609777	0.0
484.613999997285	0.9268647115881774	0.0
484.614999997285	0.9255741403671233	0.0
484.615999997285	0.9241458780936246	0.0
484.61699999728495	0.92258188056724	0.0
484.6179999972849	0.9208796135530443	0.0
484.6189999972849	0.9190306416099793	0.0
484.6199999972849	0.9170205253781135	0.0
484.62099999728485	0.9148301100758297	0.0
484.62199999728483	0.9124380634216737	0.0
484.6229999972848	0.9098243715652581	0.0
484.6239999972848	0.9069744096005946	0.0
484.62499999728476	0.9038831278645886	0.0
484.62599999728474	0.9005588173292519	0.0
484.6269999972847	0.8970258670628447	0.0
484.6279999972847	0.8933259682229691	0.0
484.62899999728467	0.8895174015538071	0.0
484.62999999728464	0.8856723563515289	0.0
484.6309999972846	0.8818725868413779	0.0
484.6319999972846	0.8782040055886622	0.0
484.63299999728457	0.8747509582961243	0.0
484.63399999728455	0.8715908979232336	0.0
484.6349999972845	0.8687900164379028	0.0
484.6359999972845	0.866400168999781	0.0
484.6369999972845	0.8644572072582452	0.0
484.63799999728445	0.862980674504432	0.0
484.63899999728443	0.86197472376568	0.0
484.6399999972844	0.8614300854061627	0.0
484.6409999972844	0.861326893053311	0.0
484.64199999728436	0.8616381326722418	0.0
484.64299999728433	0.8623333924702514	0.0
484.6439999972843	0.8633824859917708	0.0
484.6449999972843	0.8647584534427288	0.0
484.64599999728426	0.8664394730052458	0.0
484.64699999728424	0.8684093584904893	0.0
484.6479999972842	0.870656559684189	0.0
484.6489999972842	0.8731718575570188	0.0
484.64999999728417	0.8759451857645197	0.0
484.65099999728415	0.8789621533945512	0.0
484.6519999972841	0.8822008643415532	0.0
484.6529999972841	0.8856295379964397	0.0
484.6539999972841	0.8892052796642489	0.0
484.65499999728405	0.8928741851857813	0.0
484.655999997284	0.8965728317898906	0.0
484.656999997284	0.9002311040379514	0.0
484.657999997284	0.9037761928215147	0.0
484.65899999728396	0.90713745159571	0.0
484.65999999728393	0.9102516057231516	0.0
484.6609999972839	0.9130676507543052	0.0
484.6619999972839	0.9155507276782804	0.0
484.66299999728386	0.9176843783895372	0.0
484.66399999728384	0.9194708455732976	0.0
484.6649999972838	0.9209294120363948	0.0
484.6659999972838	0.9220930832729151	0.0
484.66699999728377	0.9230041379385683	0.0
484.66799999728374	0.9237091804688575	0.0
484.6689999972837	0.9242543371504564	0.0
484.6699999972837	0.924681163326517	0.0
484.6709999972837	0.9250236969275155	0.0
484.67199999728365	0.925306920199011	0.0
484.6729999972836	0.9255466919853144	0.0
484.6739999972836	0.9257510014090926	0.0
484.6749999972836	0.9259221910158938	0.0
484.67599999728355	0.9260596385428704	0.0
484.67699999728353	0.9261623184742044	0.0
484.6779999972835	0.9262307267160522	0.0
484.6789999972835	0.9262678465197584	0.0
484.67999999728346	0.9262791102001381	0.0
484.68099999728344	0.9262715784473535	0.0
484.6819999972834	0.9262527271802702	0.0
484.6829999972834	0.926229255306767	0.0
484.68399999728337	0.926206222640551	0.0
484.68499999728334	0.9261866592023357	0.0
484.6859999972833	0.9261716277363916	0.0
484.6869999972833	0.9261606179147013	0.0
484.68799999728327	0.9261521130380916	0.0
484.68899999728325	0.9261441797500031	0.0
484.6899999972832	0.926134962308751	0.0
484.6909999972832	0.9261229981496786	0.0
484.6919999972832	0.9261073076150474	0.0
484.69299999728315	0.9260872528188798	0.0
484.69399999728313	0.9260622112753263	0.0
484.6949999972831	0.9260311615566658	0.0
484.6959999972831	0.9259923127214957	0.0
484.69699999728306	0.9259429056218778	0.0
484.69799999728303	0.9258792605251721	0.0
484.698999997283	0.9257970483582016	0.0
484.699999997283	0.9256916490500365	0.0
484.70099999728296	0.9255583691051954	0.0
484.70199999728294	0.9253922593610787	0.0
484.7029999972829	0.9251873254925108	0.0
484.7039999972829	0.9249350585785588	0.0
484.70499999728287	0.9246224100038075	0.0
484.70599999728285	0.924229558173886	0.0
484.7069999972828	0.9237280184257973	0.0
484.7079999972828	0.9230797786901589	0.0
484.7089999972828	0.9222381426573517	0.0
484.70999999728275	0.9211507754283405	0.0
484.7109999972827	0.9197650508773562	0.0
484.7119999972827	0.9180352361643778	0.0
484.7129999972827	0.9159304422038657	0.0
484.71399999728266	0.9134418125741661	0.0
484.71499999728263	0.9105873160697581	0.0
484.7159999972826	0.9074128642774053	0.0
484.7169999972826	0.9039892518007063	0.0
484.71799999728256	0.9004054008749958	0.0
484.71899999728254	0.8967592724232445	0.0
484.7199999972825	0.8931482946616818	0.0
484.7209999972825	0.8896611143798435	0.0
484.72199999728247	0.8863719498358021	0.0
484.72299999728244	0.8833380361606826	0.0
484.7239999972824	0.8805998830199065	0.0
484.7249999972824	0.8781835338391331	0.0
484.7259999972824	0.8761038229688314	0.0
484.72699999728235	0.8743677370677887	0.0
484.7279999972823	0.8729772567151057	0.0
484.7289999972823	0.8719314000348074	0.0
484.7299999972823	0.8712272378644192	0.0
484.73099999728225	0.8708594776786228	0.0
484.73199999728223	0.8708175963912804	0.0
484.7329999972822	0.8710794385272037	0.0
484.7339999972822	0.8716024519476331	0.0
484.73499999728216	0.8723185427788801	0.0
484.73599999728214	0.8731404773778794	0.0
484.7369999972821	0.8739803337169308	0.0
484.7379999972821	0.874769333675261	0.0
484.73899999728206	0.8754673998887058	0.0
484.98399999727627	0.8938970077566396	0.0
484.98499999727625	0.8940395351129481	0.0
484.9859999972762	0.8942223964052609	0.0
484.9869999972762	0.8944507306273682	0.0
484.9879999972762	0.8947255768413525	0.0
484.98899999727615	0.8950427923461216	0.0
484.98999999727613	0.8953941230901884	0.0
484.9909999972761	0.8957698846702281	0.0
484.9919999972761	0.8961613765470844	0.0
484.99299999727606	0.8965617714247587	0.0
484.99399999727603	0.8969657555245194	0.0
484.994999997276	0.8973688202764605	0.0
484.995999997276	0.8977667489368447	0.0
484.99699999727596	0.8981553785847676	0.0
484.99799999727594	0.8985305259990404	0.0
484.9989999972759	0.8988880165381139	0.0
484.9999999972759	0.8992237275060392	0.0
485.00099999727587	0.8995336442260288	0.0
485.00199999727585	0.899813905698902	0.0
485.0029999972758	0.9000608441711103	0.0
485.0039999972758	0.9002710461807019	0.0
485.0049999972758	0.9004414802326285	0.0
485.00599999727575	0.9005697304908006	0.0
485.0069999972757	0.9006543375549324	0.0
485.0079999972757	0.9006951866436195	0.0
485.0089999972757	0.9006938295421764	0.0
485.00999999727566	0.9006536130023806	0.0
485.01099999727563	0.9005795292543607	0.0
485.0119999972756	0.9004777899927675	0.0
485.0129999972756	0.9003552153284323	0.0
485.01399999727556	0.9002185829321852	0.0
485.01499999727554	0.9000740795328278	0.0
485.0159999972755	0.8999269459667438	0.0
485.0169999972755	0.8997813371513337	0.0
485.01799999727547	0.8996403602571815	0.0
485.01899999727544	0.8995062251581997	0.0
485.0199999972754	0.8993804409253615	0.0
485.0209999972754	0.8992640095231852	0.0
485.0219999972754	0.8991575898034335	0.0
485.02299999727535	0.8990616224786371	0.0
485.0239999972753	0.8989764168638501	0.0
485.0249999972753	0.8989022036381114	0.0
485.0259999972753	0.8988391570078283	0.0
485.02699999727525	0.8987873866670425	0.0
485.02799999727523	0.8987468966306815	0.0
485.0289999972752	0.8987175061699917	0.0
485.0299999972752	0.898698729935477	0.0
485.03099999727516	0.8986896222073288	0.0
485.03199999727514	0.8986886049840924	0.0
485.0329999972751	0.8986933187924138	0.0
485.0339999972751	0.8987005515043553	0.0
485.03499999727507	0.8987063036217745	0.0
485.03599999727504	0.8987060293826253	0.0
485.036999997275	0.8986950504094429	0.0
485.037999997275	0.8986690830712154	0.0
485.03899999727497	0.8986247726500856	0.0
485.03999999727495	0.8985601082132895	0.0
485.0409999972749	0.8984746131970295	0.0
485.0419999972749	0.8983692628510401	0.0
485.0429999972749	0.898246151016986	0.0
485.04399999727485	0.8981079904140788	0.0
485.04499999727483	0.8979575643022846	0.0
485.0459999972748	0.8977972477594196	0.0
485.0469999972748	0.8976286905050461	0.0
485.04799999727476	0.8974527122664238	0.0
485.04899999727473	0.8972694165823126	0.0
485.0499999972747	0.8970784858645869	0.0
485.0509999972747	0.8968795836233672	0.0
485.05199999727466	0.8966727649817212	0.0
485.05299999727464	0.8964587925205785	0.0
485.0539999972746	0.8962392777238591	0.0
485.0549999972746	0.896016616629206	0.0
485.05599999727457	0.8957937474974292	0.0
485.05699999727454	0.8955738067997554	0.0
485.0579999972745	0.8953597793034431	0.0
485.0589999972745	0.8951542232849151	0.0
485.0599999972745	0.8949591129399703	0.0
485.06099999727445	0.8947757956253491	0.0
485.0619999972744	0.8946050287285242	0.0
485.0629999972744	0.8944470477668356	0.0
485.0639999972744	0.8943016220504844	0.0
485.06499999727436	0.8941680700065348	0.0
485.06599999727433	0.894045226476213	0.0
485.0669999972743	0.8939313753866355	0.0
485.0679999972743	0.8938241814343078	0.0
485.06899999727426	0.8937206707966099	0.0
485.06999999727424	0.8936173171071559	0.0
485.0709999972742	0.8935102769126435	0.0
485.0719999972742	0.893395783919837	0.0
485.07299999727417	0.8932706583522187	0.0
485.07399999727414	0.8931328331574464	0.0
485.0749999972741	0.892981765820529	0.0
485.0759999972741	0.8928186119877266	0.0
485.0769999972741	0.8926460885539291	0.0
485.07799999727405	0.8924680340103357	0.0
485.078999997274	0.8922887551708822	0.0
485.079999997274	0.8921123049412198	0.0
485.080999997274	0.8919418501562589	0.0
485.08199999727395	0.891779261273734	0.0
485.08299999727393	0.8916249977225953	0.0
485.0839999972739	0.8914782901245373	0.0
485.0849999972739	0.8913375509873384	0.0
485.08599999727386	0.8912008958606111	0.0
485.08699999727384	0.8910666410158441	0.0
485.0879999972738	0.8909336665639574	0.0
485.0889999972738	0.8908015875590253	0.0
485.08999999727376	0.8906707399246301	0.0
485.09099999727374	0.8905420388763235	0.0
485.0919999972737	0.8904167881278305	0.0
485.0929999972737	0.8902965065140607	0.0
485.09399999727367	0.8901828064017843	0.0
485.09499999727365	0.8900773227587385	0.0
485.0959999972736	0.8899816669150048	0.0
485.0969999972736	0.8898973703638015	0.0
485.0979999972736	0.8898257893458132	0.0
485.09899999727355	0.8897679551158725	0.0
485.0999999972735	0.8897243731093774	0.0
485.1009999972735	0.8896947940810451	0.0
485.1019999972735	0.8896779994610207	0.0
485.10299999727346	0.8896716575005326	0.0
485.10399999727343	0.8896723095774807	0.0
485.1049999972734	0.8896755306905947	0.0
485.1059999972734	0.8896762729279892	0.0
485.10699999727336	0.8896693524781966	0.0
485.10799999727334	0.8896499947919067	0.0
485.1089999972733	0.8896143267466109	0.0
485.1099999972733	0.8895597114108099	0.0
485.11099999727327	0.8894848603673775	0.0
485.11199999727324	0.889389717525791	0.0
485.1129999972732	0.8892751659313878	0.0
485.1139999972732	0.8891426447877074	0.0
485.1149999972732	0.8889937656690706	0.0
485.11599999727315	0.888829985251159	0.0
485.1169999972731	0.8886523394929889	0.0
485.1179999972731	0.8884611913142789	0.0
485.1189999972731	0.8882559112468292	0.0
485.11999999727306	0.8880344126557624	0.0
485.12099999727303	0.8877925033006102	0.0
485.121999997273	0.8875230851992321	0.0
485.122999997273	0.8872153188701841	0.0
485.12399999727296	0.8868539465146914	0.0
485.12499999727294	0.8864190218289182	0.0
485.1259999972729	0.8858863030833942	0.0
485.1269999972729	0.8852285138141325	0.0
485.12799999727287	0.8844175508292432	0.0
485.12899999727284	0.8834275260388441	0.0
485.1299999972728	0.8822382963427187	0.0
485.1309999972728	0.8808389240854175	0.0
485.13199999727277	0.8792303980657981	0.0
485.13299999727275	0.8774270000402415	0.0
485.1339999972727	0.8754559443150203	0.0
485.1349999972727	0.8733552959781046	0.0
485.1359999972727	0.8711705702615057	0.0
485.13699999727265	0.8689506965810603	0.0
485.13799999727263	0.8667441038548214	0.0
485.1389999972726	0.8645955420554737	0.0
485.1399999972726	0.8625439757220125	0.0
485.14099999727256	0.8606215852479644	0.0
485.14199999727253	0.8588536896722235	0.0
485.1429999972725	0.8572593027169372	0.0
485.1439999972725	0.8558520372892299	0.0
485.14499999727246	0.8546411374934272	0.0
485.14599999727244	0.853632496524849	0.0
485.1469999972724	0.8528295858517326	0.0
485.1479999972724	0.8522342651443899	0.0
485.14899999727237	0.8518474619664047	0.0
485.14999999727235	0.8516697069626824	0.0
485.1509999972723	0.8517014885407045	0.0
485.1519999972723	0.8519433599217423	0.0
485.1529999972723	0.8523957042722363	0.0
485.15399999727225	0.8530580543093336	0.0
485.1549999972722	0.8539278811944252	0.0
485.1559999972722	0.8549988171427353	0.0
485.1569999972722	0.8562583548697221	0.0
485.15799999727216	0.8576851695237401	0.0
485.15899999727213	0.859246328569869	0.0
485.1599999972721	0.8608947830977253	0.0
485.1609999972721	0.8625676544223948	0.0
485.16199999727206	0.8641859153601557	0.0
485.16299999727204	0.8656560746247893	0.0
485.163999997272	0.8668743533472901	0.0
485.164999997272	0.8677335475344929	0.0
485.16599999727197	0.8681322856106323	0.0
485.16699999727194	0.8679857700915551	0.0
485.1679999972719	0.8672364782851223	0.0
485.1689999972719	0.865862898897058	0.0
485.1699999972719	0.8638844110761483	0.0
485.17099999727185	0.8613609822397045	0.0
485.1719999972718	0.8583873979976384	0.0
485.1729999972718	0.8550829677125401	0.0
485.1739999972718	0.8515786828935308	0.0
485.17499999727175	0.848004295425348	0.0
485.17599999727173	0.8444775779556244	0.0
485.1769999972717	0.8410972417084096	0.0
485.1779999972717	0.837939933044753	0.0
485.17899999727166	0.8350607779747304	0.0
485.17999999727164	0.8324963587094061	0.0
485.1809999972716	0.8302688652346026	0.0
485.1819999972716	0.8283903728581592	0.0
485.18299999727157	0.8268665736294712	0.0
485.18399999727154	0.8256996661308448	0.0
485.1849999972715	0.8248903832851523	0.0
485.1859999972715	0.8244392854262665	0.0
485.18699999727147	0.8243474885230181	0.0
485.18799999727145	0.8246169735397145	0.0
485.1889999972714	0.8252505645712015	0.0
485.1899999972714	0.8262515899898588	0.0
485.1909999972714	0.8276231639986327	0.0
485.19199999727135	0.8293669590771535	0.0
485.19299999727133	0.8314813071132177	0.0
485.1939999972713	0.8339585062684268	0.0
485.1949999972713	0.8367813627721761	0.0
485.19599999727126	0.8399192801906328	0.0
485.19699999727123	0.8433245847490777	0.0
485.1979999972712	0.8469301266208141	0.0
485.1989999972712	0.8506493432696058	0.0
485.19999999727116	0.8543797369804148	0.0
485.20099999727114	0.8580100388584084	0.0
485.2019999972711	0.861430332976982	0.0
485.2029999972711	0.8645434163677441	0.0
485.20399999727107	0.8672750712139421	0.0
485.20499999727105	0.8695810166033524	0.0
485.205999997271	0.8714491150018775	0.0
485.206999997271	0.8728966583492549	0.0
485.207999997271	0.8739637922420772	0.0
485.20899999727095	0.8747049257069215	0.0
485.2099999972709	0.875180109226306	0.0
485.2109999972709	0.8754479187330231	0.0
485.2119999972709	0.8755606344297476	0.0
485.21299999727086	0.8755617692731728	0.0
485.21399999727083	0.8754855026592853	0.0
485.2149999972708	0.8753573736971687	0.0
485.2159999972708	0.8751956226011112	0.0
485.21699999727076	0.8750127234395788	0.0
485.21799999727074	0.8748168265051837	0.0
485.2189999972707	0.8746129683058336	0.0
485.2199999972707	0.8744039969511488	0.0
485.22099999727067	0.8741912079217162	0.0
485.22199999727064	0.8739747026691524	0.0
485.2229999972706	0.8737534803554581	0.0
485.2239999972706	0.8735252583528577	0.0
485.2249999972706	0.8732859962634731	0.0
485.22599999727055	0.8730290796331229	0.0
485.2269999972705	0.872744116246527	0.0
485.2279999972705	0.8724153286746087	0.0
485.2289999972705	0.8720196141096552	0.0
485.22999999727045	0.8715245033837741	0.0
485.23099999727043	0.8708864783805813	0.0
485.2319999972704	0.8700503482971665	0.0
485.2329999972704	0.8689505327859225	0.0
485.23399999727036	0.8675150134170954	0.0
485.23499999727034	0.8656722834017436	0.0
485.2359999972703	0.8633608531326887	0.0
485.2369999972703	0.8605399341736638	0.0
485.23799999727026	0.8571991583500758	0.0
485.23899999727024	0.8533649545301997	0.0
485.2399999972702	0.849101719254377	0.0
485.2409999972702	0.844507106493579	0.0
485.24199999727017	0.8397022559144465	0.0
485.24299999727015	0.8348190536033295	0.0
485.2439999972701	0.8299871291867548	0.0
485.2449999972701	0.8253230706436427	0.0
485.2459999972701	0.8209234481166927	0.0
485.24699999727005	0.8168620727920507	0.0
485.24799999727	0.813190897283981	0.0
485.24899999727	0.8099433635780305	0.0
485.24999999727	0.8071388790435641	0.0
485.25099999726996	0.8047873306641489	0.0
485.25199999726993	0.8028929411993145	0.0
485.2529999972699	0.8014571619890558	0.0
485.2539999972699	0.8004805903985315	0.0
485.25499999726986	0.7999640683080076	0.0
485.25599999726984	0.7999091748030873	0.0
485.2569999972698	0.8003182989505397	0.0
485.2579999972698	0.8011943961869881	0.0
485.25899999726977	0.8025404216432481	0.0
485.25999999726974	0.80435832310218	0.0
485.2609999972697	0.8066473961855005	0.0
485.2619999972697	0.809401792050958	0.0
485.2629999972697	0.812607065547824	0.0
485.26399999726965	0.8162358931960372	0.0
485.2649999972696	0.8202434720648497	0.0
485.2659999972696	0.8245635574892679	0.0
485.2669999972696	0.8291064485574702	0.0
485.26799999726956	0.8337602737532259	0.0
485.26899999726953	0.8383964943127681	0.0
485.2699999972695	0.8428796157196533	0.0
485.2709999972695	0.8470798932272585	0.0
485.27199999726946	0.8508867424706683	0.0
485.27299999726944	0.854220063601333	0.0
485.2739999972694	0.8570370239789329	0.0
485.2749999972694	0.8593329613259849	0.0
485.27599999726937	0.8611365849216824	0.0
485.27699999726934	0.8625010287039628	0.0
485.2779999972693	0.8634930936082782	0.0
485.2789999972693	0.8641830265177662	0.0
485.2799999972693	0.8646365533312775	0.0
485.28099999726925	0.864909951604813	0.0
485.2819999972692	0.8650480749867188	0.0
485.2829999972692	0.8650846639095219	0.0
485.2839999972692	0.8650440558887185	0.0
485.28499999726915	0.8649434699838286	0.0
485.28599999726913	0.8647952543756784	0.0
485.2869999972691	0.8646087381842582	0.0
485.2879999972691	0.8643915472332121	0.0
485.28899999726906	0.8641503989409967	0.0
485.28999999726904	0.8638914807014951	0.0
485.290999997269	0.8636205487308153	0.0
485.291999997269	0.8633428760084577	0.0
485.29299999726896	0.8630631462556081	0.0
485.29399999726894	0.8627853522070511	0.0
485.2949999972689	0.8625127225475294	0.0
485.2959999972689	0.8622476783402755	0.0
485.29699999726887	0.8619918067438939	0.0
485.29799999726885	0.8617458346341289	0.0
485.2989999972688	0.8615095847044848	0.0
485.2999999972688	0.8612819007592836	0.0
485.3009999972688	0.8610605384053786	0.0
485.30199999726875	0.8608420344396212	0.0
485.3029999972687	0.8606215938010219	0.0
485.3039999972687	0.8603930632137738	0.0
485.3049999972687	0.8601490845680373	0.0
485.30599999726866	0.8598815213136557	0.0
485.30699999726863	0.8595822106259217	0.0
485.3079999972686	0.8592440076663691	0.0
485.3089999972686	0.8588619734224556	0.0
485.30999999726856	0.8584344557962811	0.0
485.31099999726854	0.8579637758360682	0.0
485.3119999972685	0.8574562917199546	0.0
485.3129999972685	0.8569217664650114	0.0
485.31399999726847	0.8563721604148554	0.0
485.31499999726844	0.8558201312000928	0.0
485.3159999972684	0.8552775892553559	0.0
485.3169999972684	0.8547546065881357	0.0
485.3179999972684	0.8542588409871997	0.0
485.31899999726835	0.8537954782853079	0.0
485.3199999972683	0.8533675707396711	0.0
485.3209999972683	0.8529765919572742	0.0
485.3219999972683	0.8526230364725669	0.0
485.32299999726825	0.852306940947062	0.0
485.32399999726823	0.8520282647446596	0.0
485.3249999972682	0.851787119044003	0.0
485.3259999972682	0.8515838665663297	0.0
485.32699999726816	0.8514191286828318	0.0
485.32799999726814	0.8512937375986263	0.0
485.3289999972681	0.8512086633369833	0.0
485.3299999972681	0.8511649320799971	0.0
485.33099999726807	0.8511635367951783	0.0
485.33199999726804	0.8512053254895099	0.0
485.332999997268	0.8512908399246033	0.0
485.333999997268	0.8514200723865195	0.0
485.33499999726797	0.8515921154850061	0.0
485.33599999726795	0.8518047051588165	0.0
485.3369999972679	0.8520537017398115	0.0
485.3379999972679	0.8523326113584211	0.0
485.3389999972679	0.852632301688566	0.0
485.33999999726785	0.8529410841748496	0.0
485.34099999726783	0.8532452930776246	0.0
485.3419999972678	0.8535303817269836	0.0
485.3429999972678	0.853782401758491	0.0
485.34399999726776	0.8539895857194537	0.0
485.34499999726773	0.8541436808216826	0.0
485.3459999972677	0.8542407227526249	0.0
485.3469999972677	0.854281086795019	0.0
485.34799999726766	0.854268859861083	0.0
485.34899999726764	0.8542107442857485	0.0
485.3499999972676	0.8541148371628788	0.0
485.3509999972676	0.8539896213781959	0.0
485.35199999726757	0.853843453793545	0.0
485.35299999726755	0.8536846325375416	0.0
485.3539999972675	0.8535217381666718	0.0
485.3549999972675	0.8533635567065506	0.0
485.3559999972675	0.853218073167403	0.0
485.35699999726745	0.8530909531859642	0.0
485.3579999972674	0.8529846184103349	0.0
485.3589999972674	0.8528985281089965	0.0
485.69199999725953	0.7656732487014242	0.0
485.6929999972595	0.7655361497830837	0.0
485.6939999972595	0.7653645676711286	0.0
485.69499999725946	0.7651558947712607	0.0
485.69599999725943	0.7649114680499617	0.0
485.6969999972594	0.7646368974032383	0.0
485.6979999972594	0.7643404152910229	0.0
485.69899999725936	0.7640301249707688	0.0
485.69999999725934	0.7637119528885317	0.0
485.7009999972593	0.7633892028090691	0.0
485.7019999972593	0.7630631811195236	0.0
485.70299999725927	0.7627339771023273	0.0
485.70399999725925	0.7624009379070681	0.0
485.7049999972592	0.7620628125826201	0.0
485.7059999972592	0.7617176784351115	0.0
485.7069999972592	0.7613626816820139	0.0
485.70799999725915	0.7609936208255267	0.0
485.7089999972591	0.7606042986204486	0.0
485.7099999972591	0.7601855747154798	0.0
485.7109999972591	0.7597240380371487	0.0
485.71199999725906	0.7592002544886867	0.0
485.71299999725903	0.7585866519144107	0.0
485.713999997259	0.7578453039983917	0.0
485.714999997259	0.7569261554395934	0.0
485.71599999725896	0.7557665168545327	0.0
485.71699999725894	0.7542928071419588	0.0
485.7179999972589	0.7524253660125036	0.0
485.7189999972589	0.7500865938262962	0.0
485.71999999725887	0.7472117500846325	0.0
485.72099999725884	0.7437607057758544	0.0
485.7219999972588	0.7397281890427229	0.0
485.7229999972588	0.7351499615646543	0.0
485.7239999972588	0.7301030819932618	0.0
485.72499999725875	0.7246997994022581	0.0
485.7259999972587	0.719076231981518	0.0
485.7269999972587	0.7133782683212326	0.0
485.7279999972587	0.7077476477239607	0.0
485.72899999725865	0.7023108043107129	0.0
485.72999999725863	0.697172012268595	0.0
485.7309999972586	0.6924110839370754	0.0
485.7319999972586	0.6880848013034617	0.0
485.73299999725856	0.6842306887395323	0.0
485.73399999725854	0.6808716988034682	0.0
485.7349999972585	0.6780207238177907	0.0
485.7359999972585	0.6756843263702688	0.0
485.73699999725847	0.6738655041058855	0.0
485.73799999725844	0.6725655699068748	0.0
485.7389999972584	0.6717853340436423	0.0
485.7399999972584	0.6715257685892179	0.0
485.74099999725837	0.6717882719185542	0.0
485.74199999725835	0.672574569096058	0.0
485.7429999972583	0.6738861971929777	0.0
485.7439999972583	0.6757234393980284	0.0
485.7449999972583	0.678083504867709	0.0
485.74599999725825	0.6809577424904452	0.0
485.74699999725823	0.6843277853721437	0.0
485.7479999972582	0.6881607998166763	0.0
485.7489999972582	0.6924044538783753	0.0
485.74999999725816	0.6969827243454887	0.0
485.75099999725813	0.7017940233729785	0.0
485.7519999972581	0.7067131029921943	0.0
485.7529999972581	0.7115976232178246	0.0
485.75399999725806	0.7162991852574743	0.0
485.75499999725804	0.7206773221273675	0.0
485.755999997258	0.7246138625326409	0.0
485.756999997258	0.7280246833835755	0.0
485.75799999725797	0.7308663617807554	0.0
485.75899999725794	0.7331365043033187	0.0
485.7599999972579	0.7348681386763929	0.0
485.7609999972579	0.7361199448801199	0.0
485.7619999972579	0.7369648368124778	0.0
485.76299999725785	0.7374793263622158	0.0
485.7639999972578	0.7377353726431414	0.0
485.7649999972578	0.7377954082266924	0.0
485.7659999972578	0.7377103272945116	0.0
485.76699999725776	0.7375196644192744	0.0
485.76799999725773	0.7372530368123623	0.0
485.7689999972577	0.7369320629721113	0.0
485.7699999972577	0.7365722428505919	0.0
485.77099999725766	0.7361845506453462	0.0
485.77199999725764	0.7357766786489871	0.0
485.7729999972576	0.7353539683855898	0.0
485.7739999972576	0.7349200970058412	0.0
485.77499999725757	0.7344775834339906	0.0
485.77599999725754	0.7340281630750776	0.0
485.7769999972575	0.7335730639465521	0.0
485.7779999972575	0.7331132051397827	0.0
485.7789999972575	0.7326493312356114	0.0
485.77999999725745	0.7321820932067021	0.0
485.7809999972574	0.7317120863942315	0.0
485.7819999972574	0.7312398576869247	0.0
485.7829999972574	0.7307658950918333	0.0
485.78399999725735	0.7302906119668107	0.0
485.78499999725733	0.7298143349160202	0.0
485.7859999972573	0.7293372995711591	0.0
485.7869999972573	0.7288596536505729	0.0
485.78799999725726	0.7283814630386637	0.0
485.78899999725724	0.7279027145965881	0.0
485.7899999972572	0.7274233086075276	0.0
485.7909999972572	0.7269430333305749	0.0
485.79199999725716	0.7264615132668881	0.0
485.79299999725714	0.7259781209512332	0.0
485.7939999972571	0.7254918393477021	0.0
485.7949999972571	0.7250010587745886	0.0
485.79599999725707	0.7245032901598017	0.0
485.79699999725705	0.7239947784389255	0.0
485.797999997257	0.7234700114746357	0.0
485.798999997257	0.722921148246525	0.0
485.799999997257	0.7223374410566553	0.0
485.80099999725695	0.7217047979606888	0.0
485.8019999972569	0.7210057056822158	0.0
485.8029999972569	0.7202197730638225	0.0
485.8039999972569	0.7193251134720836	0.0
485.80499999725686	0.7183006272807082	0.0
485.80599999725683	0.7171289817762453	0.0
485.8069999972568	0.7157997869718159	0.0
485.8079999972568	0.7143122525977917	0.0
485.80899999725676	0.7126766040141179	0.0
485.80999999725674	0.7109137854117482	0.0
485.8109999972567	0.7090534276629822	0.0
485.8119999972567	0.707130545332977	0.0
485.81299999725667	0.7051817625387226	0.0
485.81399999725664	0.7032419232237943	0.0
485.8149999972566	0.7013417150632667	0.0
485.8159999972566	0.699506544134529	0.0
485.8169999972566	0.6977565101199471	0.0
485.81799999725655	0.69610708845948	0.0
485.8189999972565	0.6945700781514959	0.0
485.8199999972565	0.6931544824039048	0.0
485.8209999972565	0.6918671642018293	0.0
485.82199999725646	0.6907132731080771	0.0
485.82299999725643	0.6896965253277335	0.0
485.8239999972564	0.6888194336288763	0.0
485.8249999972564	0.688083552829677	0.0
485.82599999725636	0.6874897606743922	0.0
485.82699999725634	0.6870385523525279	0.0
485.8279999972563	0.6867302950734023	0.0
485.8289999972563	0.6865653652302786	0.0
485.82999999725627	0.6865440745778222	0.0
485.83099999725624	0.6866662894965436	0.0
485.8319999972562	0.686930670082814	0.0
485.8329999972562	0.6873335151519608	0.0
485.83399999725617	0.6878673005385374	0.0
485.83499999725615	0.6885191322787608	0.0
485.8359999972561	0.6892694727420088	0.0
485.8369999972561	0.6900915830978075	0.0
485.8379999972561	0.690952096102169	0.0
485.83899999725605	0.6918129451591358	0.0
485.83999999725603	0.6926345414183616	0.0
485.840999997256	0.6933796993269606	0.0
485.841999997256	0.6940175084959179	0.0
485.84299999725596	0.6945262769335109	0.0
485.84399999725593	0.694894888070542	0.0
485.8449999972559	0.6951223578458497	0.0
485.8459999972559	0.6952158811563339	0.0
485.84699999725586	0.6951880268721401	0.0
485.84799999725584	0.6950538526332017	0.0
485.8489999972558	0.6948285610912982	0.0
485.8499999972558	0.6945260122815412	0.0
485.85099999725577	0.6941580888919837	0.0
485.85199999725575	0.6937346965383915	0.0
485.8529999972557	0.6932641091092014	0.0
485.8539999972557	0.6927534093178623	0.0
485.8549999972557	0.6922088643664364	0.0
485.85599999725565	0.6916361631163652	0.0
485.8569999972556	0.6910405018613038	0.0
485.8579999972556	0.6904265440136681	0.0
485.8589999972556	0.6897983053773342	0.0
485.85999999725556	0.6891590339893546	0.0
485.86099999725553	0.6885111549751586	0.0
485.8619999972555	0.6878563294434091	0.0
485.8629999972555	0.687195635251039	0.0
485.86399999725546	0.6865298318085308	0.0
485.86499999725544	0.6858596407516595	0.0
485.8659999972554	0.6851859720476853	0.0
485.8669999972554	0.6845100496957333	0.0
485.86799999725537	0.6838334291180684	0.0
485.86899999725534	0.6831579321839919	0.0
485.8699999972553	0.6824855432093602	0.0
485.8709999972553	0.6818183075478028	0.0
485.8719999972553	0.6811582592898915	0.0
485.87299999725525	0.6805073854785848	0.0
485.8739999972552	0.6798676191271303	0.0
485.8749999972552	0.679240846031039	0.0
485.8759999972552	0.6786289104554166	0.0
485.87699999725515	0.6780336091431681	0.0
485.87799999725513	0.67745666809515	0.0
485.8789999972551	0.676899715360802	0.0
485.8799999972551	0.6763642330777528	0.0
485.88099999725506	0.6758515882933832	0.0
485.88199999725504	0.6753632178972191	0.0
485.882999997255	0.6749011330476921	0.0
485.883999997255	0.6744687303644681	0.0
485.88499999725497	0.6740714099076925	0.0
485.88599999725494	0.6737160460565512	0.0
485.8869999972549	0.6734088589067043	0.0
485.8879999972549	0.6731527625365369	0.0
485.88899999725487	0.6729460641230466	0.0
485.88999999725485	0.6727832355666262	0.0
486.2889999972454	0.6053946563450401	0.0
486.2899999972454	0.6056215540851985	0.0
486.29099999724536	0.6059128124581205	0.0
486.29199999724534	0.6062775117662468	0.0
486.2929999972453	0.6067190498762935	0.0
486.2939999972453	0.6072335273407014	0.0
486.29499999724527	0.6078112553715229	0.0
486.29599999724525	0.6084406202320999	0.0
486.2969999972452	0.609111563106422	0.0
486.2979999972452	0.6098168212533044	0.0
486.2989999972452	0.6105513421276413	0.0
486.29999999724515	0.6113112210533075	0.0
486.3009999972451	0.6120929750917817	0.0
486.3019999972451	0.6128932549967698	0.0
486.3029999972451	0.613708795815239	0.0
486.30399999724506	0.6145365079490069	0.0
486.30499999724503	0.615373564350835	0.0
486.305999997245	0.6162175024809274	0.0
486.306999997245	0.617066309935045	0.0
486.30799999724496	0.6179184811123422	0.0
486.30899999724494	0.6187730327676685	0.0
486.3099999972449	0.619629472383222	0.0
486.3109999972449	0.6204877228929064	0.0
486.31199999724487	0.621348016323485	0.0
486.31299999724484	0.6222107738474303	0.0
486.3139999972448	0.6230764893413999	0.0
486.3149999972448	0.6239456290005353	0.0
486.3159999972448	0.6248185533546105	0.0
486.31699999724475	0.6256954625745275	0.0
486.3179999972447	0.6265763627106643	0.0
486.3189999972447	0.627461049767932	0.0
486.3199999972447	0.628349109648032	0.0
486.32099999724466	0.6292399337581948	0.0
486.32199999724463	0.6301327510978465	0.0
486.3229999972446	0.631026676715544	0.0
486.3239999972446	0.6319207730673274	0.0
486.32499999724456	0.6328141155321659	0.0
486.32599999724454	0.6337058477953564	0.0
486.3269999972445	0.6345952092938105	0.0
486.3279999972445	0.6354815173005345	0.0
486.32899999724447	0.6363640905913168	0.0
486.32999999724444	0.637242107393529	0.0
486.3309999972444	0.6381143926327755	0.0
486.3319999972444	0.6389791233253248	0.0
486.33299999724437	0.6398334240456797	0.0
486.33399999724435	0.6406727997844153	0.0
486.3349999972443	0.6414903306416508	0.0
486.3359999972443	0.6422755471170993	0.0
486.3369999972443	0.6430129361180651	0.0
486.33799999724425	0.6436801169657519	0.0
486.33899999724423	0.6442458870245243	0.0
486.3399999972442	0.6446685586832152	0.0
486.3409999972442	0.6448952426590866	0.0
486.34199999724416	0.6448628774975083	0.0
486.34299999724414	0.6445017343169356	0.0
486.3439999972441	0.6437417407860881	0.0
486.3449999972441	0.642521273443045	0.0
486.34599999724406	0.6407972184392073	0.0
486.34699999724404	0.6385543828939797	0.0
486.347999997244	0.635812064909839	0.0
486.348999997244	0.6326259571666806	0.0
486.34999999724397	0.6290845376078441	0.0
486.35099999724395	0.6253004184513563	0.0
486.3519999972439	0.6213983606742648	0.0
486.3529999972439	0.6175024129032795	0.0
486.3539999972439	0.6137246785210622	0.0
486.35499999724385	0.610157589436754	0.0
486.3559999972438	0.6068705312189708	0.0
486.3569999972438	0.60391058404567	0.0
486.3579999972438	0.6013063291556028	0.0
486.35899999724376	0.5990732811452266	0.0
486.35999999724373	0.5972195344918803	0.0
486.3609999972437	0.5957505370554249	0.0
486.3619999972437	0.5946723668582987	0.0
486.36299999724366	0.5939933530367324	0.0
486.36399999724364	0.5937242497829379	0.0
486.3649999972436	0.5938773876406443	0.0
486.3659999972436	0.5944652746548151	0.0
486.36699999724357	0.5954990262143026	0.0
486.36799999724354	0.5969868261956144	0.0
486.3689999972435	0.598932436572685	0.0
486.3699999972435	0.6013336405621443	0.0
486.3709999972435	0.6041804608995246	0.0
486.37199999724345	0.6074530486908503	0.0
486.3729999972434	0.6111192834730026	0.0
486.3739999972434	0.615132346983065	0.0
486.3749999972434	0.6194287979265702	0.0
486.37599999724335	0.6239279105395239	0.0
486.37699999724333	0.628533130940962	0.0
486.3779999972433	0.6331363280935487	0.0
486.3789999972433	0.6376250071203564	0.0
486.37999999724326	0.6418918786046944	0.0
486.38099999724324	0.6458453549014498	0.0
486.3819999972432	0.6494189787432842	0.0
486.3829999972432	0.652577748271295	0.0
486.38399999724317	0.6553198824297233	0.0
486.38499999724314	0.6576736283820699	0.0
486.3859999972431	0.6596899086094165	0.0
486.3869999972431	0.6614325428309908	0.0
486.38799999724307	0.6629681717258094	0.0
486.38899999724305	0.6643577886730809	0.0
486.389999997243	0.6656511081638314	0.0
486.390999997243	0.6668841473821996	0.0
486.391999997243	0.668079646206179	0.0
486.39299999724295	0.6692494723706233	0.0
486.39399999724293	0.6703979957242137	0.0
486.3949999972429	0.6715255139103108	0.0
486.3959999972429	0.6726310690465799	0.0
486.39699999724286	0.673714300367958	0.0
486.39799999724283	0.6747762374300197	0.0
486.3989999972428	0.6758190938138121	0.0
486.3999999972428	0.6768451631409581	0.0
486.40099999724276	0.6778548891172875	0.0
486.40199999724274	0.678844151800929	0.0
486.4029999972427	0.6798008508132815	0.0
486.4039999972427	0.68070100143726	0.0
486.40499999724267	0.6815047687566412	0.0
486.40599999724265	0.6821530878524934	0.0
486.4069999972426	0.6825656836125213	0.0
486.4079999972426	0.6826413515072787	0.0
486.4089999972426	0.6822612476111082	0.0
486.40999999724255	0.6812956359032595	0.0
486.4109999972425	0.6796140518736007	0.0
486.4119999972425	0.6770982078772348	0.0
486.4129999972425	0.6736562957815849	0.0
486.41399999724246	0.6692367978241027	0.0
486.41499999724243	0.6638396632810765	0.0
486.4159999972424	0.6575228545876842	0.0
486.4169999972424	0.6504028249108518	0.0
486.41799999724236	0.6426483815638395	0.0
486.41899999724234	0.634468472356501	0.0
486.4199999972423	0.6260955146158736	0.0
486.4209999972423	0.6177667405766072	0.0
486.42199999724227	0.609706421688827	0.0
486.42299999724224	0.6021115945018743	0.0
486.4239999972422	0.595143054694413	0.0
486.4249999972422	0.588922149043103	0.0
486.4259999972422	0.5835326655933069	0.0
486.42699999724215	0.5790262743972017	0.0
486.4279999972421	0.5754297005000404	0.0
486.4289999972421	0.5727520679443702	0.0
486.4299999972421	0.5709914062186634	0.0
486.43099999724205	0.5701398820261189	0.0
486.43199999724203	0.5701877139172226	0.0
486.432999997242	0.5711258837539603	0.0
486.433999997242	0.5729477275125303	0.0
486.43499999724196	0.575649369841374	0.0
486.43599999724194	0.5792288566172418	0.0
486.4369999972419	0.5836837973545208	0.0
486.4379999972419	0.5890073828456287	0.0
486.43899999724187	0.5951828063313307	0.0
486.43999999724184	0.6021763971808817	0.0
486.4409999972418	0.6099301637896442	0.0
486.4419999972418	0.6183548761555798	0.0
486.44299999724177	0.6273251676220583	0.0
486.44399999724175	0.63667822301724	0.0
486.4449999972417	0.6462173000059711	0.0
486.4459999972417	0.6557205780123215	0.0
486.4469999972417	0.6649547918937372	0.0
486.44799999724165	0.6736920636585764	0.0
486.44899999724163	0.6817275915627412	0.0
486.4499999972416	0.6888955916856557	0.0
486.4509999972416	0.6950811605208513	0.0
486.45199999724156	0.7002264518701465	0.0
486.45299999724153	0.7043305679296841	0.0
486.4539999972415	0.707443641165293	0.0
486.4549999972415	0.709656502566345	0.0
486.45599999724146	0.7110878903688581	0.0
486.45699999724144	0.7118712415597436	0.0
486.4579999972414	0.7121427652145168	0.0
486.4589999972414	0.7120318976796234	0.0
486.45999999724137	0.7116546102494062	0.0
486.46099999724134	0.7111095469816675	0.0
486.4619999972413	0.7104766635738994	0.0
486.4629999972413	0.7098178746375071	0.0
486.4639999972413	0.7091791318131555	0.0
486.46499999724125	0.7085933199887663	0.0
486.4659999972412	0.7080833850692857	0.0
486.4669999972412	0.7076652122264696	0.0
486.4679999972412	0.7073499480419548	0.0
486.46899999724116	0.7071456591383724	0.0
486.46999999724113	0.7070583874937635	0.0
486.4709999972411	0.7070927596253066	0.0
486.4719999972411	0.7072523268286489	0.0
486.47299999724106	0.7075397779539038	0.0
486.47399999724104	0.7079571067562521	0.0
486.474999997241	0.7085057588807706	0.0
486.475999997241	0.7091867415570422	0.0
486.47699999724097	0.7100006525586717	0.0
486.47799999724094	0.7109475692973679	0.0
486.4789999972409	0.7120267317956314	0.0
486.4799999972409	0.7132359595178612	0.0
486.4809999972409	0.7145707733384692	0.0
486.48199999724085	0.7160232628348239	0.0
486.4829999972408	0.7175808478860368	0.0
486.4839999972408	0.7192252120307262	0.0
486.4849999972408	0.7209317854270186	0.0
486.48599999724075	0.7226701632224131	0.0
486.48699999724073	0.7244057089364812	0.0
486.4879999972407	0.7261023097906484	0.0
486.4889999972407	0.7277258917868875	0.0
486.48999999724066	0.7292479965108694	0.0
486.49099999724064	0.7306486064803488	0.0
486.4919999972406	0.7319175568302221	0.0
486.4929999972406	0.7330542542274509	0.0
486.49399999724056	0.7340659015227717	0.0
486.49499999724054	0.7349648180799554	0.0
486.4959999972405	0.7357656110724028	0.0
486.4969999972405	0.736482854892901	0.0
486.49799999724047	0.7371296471149105	0.0
486.49899999724045	0.7377170679274114	0.0
486.4999999972404	0.7382543089672301	0.0
486.5009999972404	0.7387491304435038	0.0
486.5019999972404	0.7392083479060427	0.0
486.50299999724035	0.739638179578832	0.0
486.5039999972403	0.7400444223287799	0.0
486.5049999972403	0.7404325108087508	0.0
486.5059999972403	0.7408075326707925	0.0
486.50699999724026	0.7411742425430535	0.0
486.50799999724023	0.7415370750841846	0.0
486.5089999972402	0.7419001329481641	0.0
486.5099999972402	0.7422671287874862	0.0
486.51099999724016	0.7426412818185247	0.0
486.51199999724014	0.7430251912594132	0.0
486.5129999972401	0.7434207185428752	0.0
486.5139999972401	0.7438289065161753	0.0
486.51499999724007	0.7442499543190191	0.0
486.51599999724004	0.7446832590795588	0.0
486.51699999724	0.7451275316024081	0.0
486.51799999724	0.7455809879549714	0.0
486.51899999724	0.7460416063429607	0.0
486.51999999723995	0.7465074184423853	0.0
486.5209999972399	0.7469767837913044	0.0
486.5219999972399	0.7474485861437528	0.0
486.5229999972399	0.7479222992650305	0.0
486.52399999723986	0.748397894414396	0.0
486.52499999723983	0.7488755915326485	0.0
486.5259999972398	0.749355476870871	0.0
486.5269999972398	0.7498370120319465	0.0
486.52799999723976	0.7503184419536596	0.0
486.52899999723974	0.7507960774902261	0.0
486.5299999972397	0.7512633897276948	0.0
486.5309999972397	0.7517098173761004	0.0
486.53199999723967	0.7521191709232949	0.0
486.53299999723964	0.7524675450560788	0.0
486.5339999972396	0.7527207618469963	0.0
486.5349999972396	0.7528315925791477	0.0
486.53599999723957	0.7527373386447797	0.0
486.53699999723955	0.7523587134379499	0.0
486.5379999972395	0.751601201161535	0.0
486.5389999972395	0.7503599819351479	0.0
486.5399999972395	0.748528966100629	0.0
486.54099999723945	0.7460134916334451	0.0
486.54199999723943	0.7427450363831619	0.0
486.5429999972394	0.738695278429892	0.0
486.5439999972394	0.7338864226634841	0.0
486.54499999723936	0.728395157626565	0.0
486.54599999723933	0.7223488782619003	0.0
486.5469999972393	0.7159145658109264	0.0
486.5479999972393	0.7092824226857138	0.0
486.54899999723926	0.7026474890600138	0.0
486.54999999723924	0.6961926913430733	0.0
486.5509999972392	0.69007607983756	0.0
486.5519999972392	0.68442369973349	0.0
486.55299999723917	0.6793280784703406	0.0
486.55399999723915	0.6748511588811928	0.0
486.5549999972391	0.6710299313609109	0.0
486.5559999972391	0.6678830358632601	0.0
486.5569999972391	0.6654170303689352	0.0
486.55799999723905	0.6636315938981181	0.0
486.558999997239	0.6625234304148708	0.0
486.559999997239	0.6620889539424843	0.0
486.560999997239	0.6623259584655434	0.0
486.56199999723896	0.6632344629918963	0.0
486.56299999723893	0.6648168381966979	0.0
486.5639999972389	0.6670772143884015	0.0
486.5649999972389	0.6700200678331663	0.0
486.56599999723886	0.6736478041159507	0.0
486.56699999723884	0.6779571370001413	0.0
486.5679999972388	0.6829341536887944	0.0
486.5689999972388	0.6885482201518895	0.0
486.56999999723877	0.6947453301117202	0.0
486.57099999723874	0.7014420625678965	0.0
486.5719999972387	0.7085217953802139	0.0
486.5729999972387	0.7158349653282238	0.0
486.5739999972387	0.7232047468034505	0.0
486.57499999723865	0.7304384944007696	0.0
486.5759999972386	0.7373438665179497	0.0
486.5769999972386	0.743747144610288	0.0
486.5779999972386	0.7495103798842725	0.0
486.57899999723855	0.75454399437322	0.0
486.57999999723853	0.758812402999863	0.0
486.5809999972385	0.7623318417314572	0.0
486.5819999972385	0.765161379972954	0.0
486.58299999723846	0.767389509651961	0.0
486.58399999723844	0.7691193437900845	0.0
486.5849999972384	0.7704552232790628	0.0
486.5859999972384	0.7714926271609456	0.0
486.58699999723837	0.7723121058518089	0.0
486.58799999723834	0.772976917739505	0.0
486.5889999972383	0.773533412599075	0.0
486.5899999972383	0.7740130273944638	0.0
486.59099999723827	0.7744349286564778	0.0
486.59199999723825	0.7748086634338669	0.0
486.5929999972382	0.7751364974512549	0.0
486.5939999972382	0.7754153221927862	0.0
486.5949999972382	0.7756380752673993	0.0
486.59599999723815	0.7757945712845881	0.0
486.59699999723813	0.775871547854223	0.0
486.5979999972381	0.7758516712421903	0.0
486.5989999972381	0.7757112937609981	0.0
486.59999999723806	0.7754169645278587	0.0
486.60099999723803	0.7749210788660118	0.0
486.601999997238	0.7741575550195127	0.0
486.602999997238	0.7730389141443469	0.0
486.60399999723796	0.7714564065491631	0.0
486.60499999723794	0.7692846610041426	0.0
486.6059999972379	0.7663916150910757	0.0
486.6069999972379	0.7626532869833103	0.0
486.60799999723787	0.7579715695969768	0.0
486.60899999723785	0.752292100295057	0.0
486.6099999972378	0.7456187798545053	0.0
486.6109999972378	0.7380218767119273	0.0
486.6119999972378	0.7296377805396901	0.0
486.61299999723775	0.7206600726537393	0.0
486.6139999972377	0.7113232739601449	0.0
486.6149999972377	0.7018820356566237	0.0
486.6159999972377	0.6925893409042274	0.0
486.61699999723766	0.6836772896210047	0.0
486.61799999723763	0.6753432306668985	0.0
486.6189999972376	0.6677426091399431	0.0
486.6199999972376	0.6609883307381287	0.0
486.62099999723756	0.6551551763389735	0.0
486.62199999723754	0.6502871516092685	0.0
486.6229999972375	0.6464056900726028	0.0
486.6239999972375	0.6435171596971745	0.0
486.62499999723747	0.6416188503441449	0.0
486.62599999723744	0.6407032693836489	0.0
486.6269999972374	0.6407609891370066	0.0
486.6279999972374	0.6417824381331647	0.0
486.6289999972374	0.6437589533174698	0.0
486.62999999723735	0.6466831907575836	0.0
486.6309999972373	0.6505487162569981	0.0
486.6319999972373	0.6553483598097722	0.0
486.6329999972373	0.6610708211120098	0.0
486.63399999723725	0.6676951529992203	0.0
486.63499999723723	0.6751831813238072	0.0
486.6359999972372	0.6834706112060692	0.0
486.6369999972372	0.6924583636419182	0.0
486.63799999723716	0.702006310192887	0.0
486.63899999723714	0.7119317184266732	0.0
486.6399999972371	0.7220141804892933	0.0
486.6409999972371	0.7320075956959203	0.0
486.64199999723706	0.7416582027903014	0.0
486.64299999723704	0.7507261600427868	0.0
486.643999997237	0.7590071880988899	0.0
486.644999997237	0.7663505883602383	0.0
486.64599999723697	0.7726705681240401	0.0
486.64699999723695	0.777949086589284	0.0
486.6479999972369	0.7822300943032606	0.0
486.6489999972369	0.7856067023061085	0.0
486.6499999972369	0.7882040886913142	0.0
486.65099999723685	0.7901615018617095	0.0
486.6519999972368	0.7916164219747537	0.0
486.6529999972368	0.7926929433471205	0.0
486.6539999972368	0.7934951199303328	0.0
486.65499999723676	0.7941048169989203	0.0
486.65599999723673	0.7945828540881714	0.0
486.6569999972367	0.7949719972116596	0.0
486.6579999972367	0.7953005475442461	0.0
486.65899999723666	0.7955856696304809	0.0
486.65999999723664	0.7958360167382877	0.0
486.6609999972366	0.7960535394132365	0.0
486.6619999972366	0.7962345824703962	0.0
486.66299999723657	0.7963705073152476	0.0
486.66399999723654	0.7964481481578912	0.0
486.6649999972365	0.7964504333524822	0.0
486.6659999972365	0.796357469042891	0.0
486.6669999972365	0.7961482773821202	0.0
486.66799999723645	0.7958032035487977	0.0
486.6689999972364	0.7953067799103306	0.0
486.6699999972364	0.7946506189126264	0.0
486.6709999972364	0.7938357735583843	0.0
486.67199999723636	0.7928740195183738	0.0
486.67299999723633	0.7917876965374424	0.0
486.6739999972363	0.7906080580088359	0.0
486.6749999972363	0.7893724227147054	0.0
486.67599999723626	0.7881206900146798	0.0
486.67699999723624	0.7868918851559751	0.0
486.6779999972362	0.785721322277349	0.0
486.6789999972362	0.7846387529031165	0.0
486.67999999723617	0.7836675933549788	0.0
486.68099999723614	0.782825085168222	0.0
486.6819999972361	0.7821230977530127	0.0
486.6829999972361	0.7815692469315149	0.0
486.68399999723607	0.7811680533331742	0.0
486.68499999723605	0.7809219591849772	0.0
486.685999997236	0.780832120597558	0.0
486.686999997236	0.7808989684326341	0.0
486.687999997236	0.7811225736753482	0.0
486.68899999723595	0.7815028643287439	0.0
486.68999999723593	0.7820397277472038	0.0
486.6909999972359	0.7827330046805844	0.0
486.6919999972359	0.783582349306246	0.0
486.69299999723586	0.7845869038723998	0.0
486.69399999723584	0.7857447284822108	0.0
486.6949999972358	0.7870519464803174	0.0
486.6959999972358	0.7885016204712662	0.0
486.69699999723576	0.790082461545668	0.0
486.69799999723574	0.7917775803016341	0.0
486.6989999972357	0.7935635831117032	0.0
486.6999999972357	0.7954103600322123	0.0
486.70099999723567	0.797281862387866	0.0
486.70199999723565	0.7991380094100963	0.0
486.7029999972356	0.8009376136269425	0.0
486.7039999972356	0.8026419366786179	0.0
486.7049999972356	0.8042182712003357	0.0
486.70599999723555	0.8056428741558561	0.0
486.7069999972355	0.8069026919026832	0.0
486.7079999972355	0.8079955904267179	0.0
486.7089999972355	0.8089291495609947	0.0
486.70999999723546	0.8097183868814709	0.0
486.71099999723543	0.810382955305958	0.0
486.7119999972354	0.8109443723856429	0.0
486.7129999972354	0.8114237137124273	0.0
486.71399999723536	0.8118400033488772	0.0
486.71499999723534	0.8122093345089296	0.0
486.7159999972353	0.8125446075783768	0.0
486.7169999972353	0.8128557006602221	0.0
486.71799999723527	0.81314988157933	0.0
486.71899999723524	0.8134323052872855	0.0
486.7199999972352	0.8137064908025169	0.0
486.7209999972352	0.8139747183814082	0.0
486.7219999972352	0.8142383214558623	0.0
486.72299999723515	0.8144978677485275	0.0
486.7239999972351	0.8147532331465721	0.0
486.7249999972351	0.8150035754642344	0.0
486.7259999972351	0.8152472187382948	0.0
486.72699999723505	0.8154814675608147	0.0
486.72799999723503	0.8157023891502758	0.0
486.728999997235	0.815904628593044	0.0
486.729999997235	0.8160813532265402	0.0
486.73099999723496	0.8162244403290216	0.0
486.73199999723494	0.8163250078073524	0.0
486.7329999972349	0.8163743245665843	0.0
486.7339999972349	0.8163650274702523	0.0
486.73499999723487	0.816292443597219	0.0
486.73599999723484	0.8161557204325519	0.0
486.7369999972348	0.8159584547658547	0.0
486.7379999972348	0.8157086082802778	0.0
486.73899999723477	0.8154176821388042	0.0
486.73999999723475	0.815099329586266	0.0
486.7409999972347	0.8147677357932691	0.0
486.7419999972347	0.8144361327058314	0.0
486.7429999972347	0.8141157372519515	0.0
486.74399999723465	0.8138152450178233	0.0
486.74499999723463	0.8135408424756603	0.0
486.7459999972346	0.8132965755465104	0.0
486.7469999972346	0.8130848602777874	0.0
486.74799999723456	0.812906942641739	0.0
486.74899999723453	0.8127631879234312	0.0
486.7499999972345	0.8126531750085045	0.0
486.7509999972345	0.8125756546964227	0.0
486.75199999723446	0.8125284760617266	0.0
486.75299999723444	0.8125085737836503	0.0
486.7539999972344	0.8125120425426221	0.0
486.7549999972344	0.8125342226484694	0.0
486.75599999723437	0.8125696200601062	0.0
486.75699999723435	0.8126114226077605	0.0
486.7579999972343	0.81265037935891	0.0
486.7589999972343	0.8126728897224144	0.0
486.7599999972343	0.8126582985377613	0.0
486.76099999723425	0.8125756089412948	0.0
486.7619999972342	0.8123801058079526	0.0
486.7629999972342	0.8120107115262098	0.0
486.7639999972342	0.8113891992868325	0.0
486.76499999723416	0.8104225142186007	0.0
486.76599999723413	0.8090092027904281	0.0
486.7669999972341	0.8070501916092061	0.0
486.7679999972341	0.8044629487816508	0.0
486.76899999723406	0.8011967280249166	0.0
486.76999999723404	0.797245650347693	0.0
486.770999997234	0.7926563070491048	0.0
486.771999997234	0.7875275749071315	0.0
486.77299999723397	0.782002190669743	0.0
486.77399999723394	0.7762517328950379	0.0
486.7749999972339	0.7704582741676497	0.0
486.7759999972339	0.7647965550994654	0.0
486.7769999972339	0.7594199667875104	0.0
486.77799999723385	0.7544522228171547	0.0
486.7789999972338	0.7499849318705235	0.0
486.7799999972338	0.7460799184550253	0.0
486.7809999972338	0.742774425849324	0.0
486.78199999723375	0.7400873097197591	0.0
486.78299999723373	0.7380247922798191	0.0
486.7839999972337	0.7365850010969353	0.0
486.7849999972337	0.7357611109931099	0.0
486.78599999723366	0.7355433009155066	0.0
486.78699999723364	0.7359199016823085	0.0
486.7879999972336	0.7368780910910042	0.0
486.7889999972336	0.7384043655304035	0.0
486.78999999723356	0.740484851943025	0.0
486.79099999723354	0.7431053653773596	0.0
486.7919999972335	0.7462509830344901	0.0
486.7929999972335	0.7499048027982094	0.0
486.79399999723347	0.7540455075810766	0.0
486.79499999723345	0.7586434280711876	0.0
486.7959999972334	0.7636550670623928	0.0
486.7969999972334	0.7690165586332487	0.0
486.7979999972334	0.7746372073418745	0.0
486.79899999723335	0.7803948586184646	0.0
486.79999999723333	0.7861350779890005	0.0
486.8009999972333	0.7916757168724982	0.0
486.8019999972333	0.7968173976703474	0.0
486.80299999723326	0.801359031841498	0.0
486.80399999723323	0.8051161584421881	0.0
486.8049999972332	0.8079391100381379	0.0
486.8059999972332	0.8097280096634845	0.0
486.80699999723316	0.8104423022085689	0.0
486.80799999723314	0.8101036238569155	0.0
486.8089999972331	0.8087919599978982	0.0
486.8099999972331	0.806635987782339	0.0
486.81099999723307	0.8037991583382358	0.0
486.81199999723304	0.8004634696368352	0.0
486.812999997233	0.7968130499887639	0.0
486.813999997233	0.7930195994220591	0.0
486.814999997233	0.7892313739061795	0.0
486.81599999723295	0.7855667381014506	0.0
486.8169999972329	0.7821124508189372	0.0
486.8179999972329	0.7789259789560922	0.0
486.8189999972329	0.7760404899677416	0.0
486.81999999723286	0.7734709234025884	0.0
486.82099999723283	0.7712197381461962	0.0
486.8219999972328	0.7692814801912579	0.0
486.8229999972328	0.767646010205057	0.0
486.82399999723276	0.766300819798521	0.0
486.82499999723274	0.7652331396301904	0.0
486.8259999972327	0.7644324129424264	0.0
486.8269999972327	0.7638932524316893	0.0
486.82799999723267	0.763618435083627	0.0
486.82899999723264	0.7636210834437078	0.0
486.8299999972326	0.763925119803825	0.0
486.8309999972326	0.7645633848346267	0.0
486.8319999972326	0.7655733445845178	0.0
486.83299999723255	0.7669908564408532	0.0
486.8339999972325	0.7688428589438068	0.0
486.8349999972325	0.7711400457229347	0.0
486.8359999972325	0.7738706367338534	0.0
486.83699999723245	0.7769963412574058	0.0
486.83799999723243	0.7804515134733075	0.0
486.8389999972324	0.7841462382672781	0.0
486.8399999972324	0.7879735415514918	0.0
486.84099999723236	0.791820089301856	0.0
486.84199999723234	0.7955787992641224	0.0
486.8429999972323	0.7991610658324214	0.0
486.8439999972323	0.8025061255744562	0.0
486.84499999723226	0.8055856307629287	0.0
486.84599999723224	0.808402636267338	0.0
486.8469999972322	0.8109855790038792	0.0
486.8479999972322	0.8133789808336437	0.0
486.84899999723217	0.8156331751099545	0.0
486.84999999723215	0.8177952194096665	0.0
486.8509999972321	0.8199024464115982	0.0
486.8519999972321	0.8219791299420646	0.0
486.8529999972321	0.8240358528723888	0.0
486.85399999723205	0.8260706261226438	0.0
486.854999997232	0.8280707373295209	0.0
486.855999997232	0.8300146435227648	0.0
486.856999997232	0.8318737609029555	0.0
486.85799999723196	0.8336144753408125	0.0
486.85899999723193	0.8352008671327268	0.0
486.8599999972319	0.8365984221151336	0.0
486.8609999972319	0.8377784898402701	0.0
486.86199999723186	0.8387227028772113	0.0
486.86299999723184	0.8394262760662485	0.0
486.8639999972318	0.8398992338369565	0.0
486.8649999972318	0.8401651377854196	0.0
486.86599999723177	0.8402575908106235	0.0
486.86699999723174	0.84021539134293	0.0
486.8679999972317	0.8400774843103582	0.0
486.8689999972317	0.8398787488248725	0.0
486.8699999972317	0.8396472808750067	0.0
486.87099999723165	0.8394033583898947	0.0
486.8719999972316	0.8391598824992348	0.0
486.8729999972316	0.8389238563004298	0.0
486.8739999972316	0.8386983875752537	0.0
486.87499999723155	0.8384847336407282	0.0
486.87599999723153	0.8382839931122873	0.0
486.8769999972315	0.838098163560576	0.0
486.8779999972315	0.8379304196663687	0.0
486.87899999723146	0.8377846194177074	0.0
486.87999999723144	0.8376641994934854	0.0
486.8809999972314	0.8375707466965651	0.0
486.8819999972314	0.8375026023218499	0.0
486.88299999723137	0.8374538563159504	0.0
486.88399999723134	0.8374140202942378	0.0
486.8849999972313	0.8373685458129667	0.0
486.8859999972313	0.8373001933918586	0.0
486.88699999723127	0.8371910790662226	0.0
486.88799999723125	0.8370250591665116	0.0
486.8889999972312	0.8367900043325729	0.0
486.8899999972312	0.8364795076210217	0.0
486.8909999972312	0.8360936953189573	0.0
486.89199999723115	0.8356390425824092	0.0
486.89299999723113	0.8351273657304803	0.0
486.8939999972311	0.8345743667785152	0.0
486.8949999972311	0.8339981613176887	0.0
486.89599999723106	0.8334181109908072	0.0
486.89699999723103	0.832854067004554	0.0
486.897999997231	0.8323259181962616	0.0
486.898999997231	0.8318532218592853	0.0
486.89999999723096	0.8314547139616837	0.0
486.90099999723094	0.8311476137330498	0.0
486.9019999972309	0.8309467819281908	0.0
486.9029999972309	0.8308638944578142	0.0
486.90399999723087	0.830906823052769	0.0
486.90499999723085	0.8310793807943402	0.0
486.9059999972308	0.8313815194665269	0.0
486.9069999972308	0.8318099802326652	0.0
486.9079999972308	0.8323593096787893	0.0
486.90899999723075	0.8330230665226036	0.0
486.9099999972307	0.8337949743816998	0.0
486.9109999972307	0.8346697460192177	0.0
486.9119999972307	0.8356433357544393	0.0
486.91299999723066	0.8367124740559585	0.0
486.91399999723063	0.8378734831637306	0.0
486.9149999972306	0.8391205293521623	0.0
486.9159999972306	0.8404435981968802	0.0
486.91699999723056	0.8418265562937968	0.0
486.91799999723054	0.8432456735025642	0.0
486.9189999972305	0.8446689241570156	0.0
486.9199999972305	0.8460562749900881	0.0
486.92099999723047	0.8473610248152865	0.0
486.92199999723044	0.8485321201331261	0.0
486.9229999972304	0.8495172660475049	0.0
486.9239999972304	0.8502665990583397	0.0
486.9249999972304	0.850736670284594	0.0
486.92599999723035	0.8508944603436962	0.0
486.9269999972303	0.8507210711425285	0.0
486.9279999972303	0.8502146217996706	0.0
486.9289999972303	0.8493917867398968	0.0
486.92999999723025	0.8482874599383139	0.0
486.93099999723023	0.8469522835205389	0.0
486.9319999972302	0.8454482166129511	0.0
486.9329999972302	0.8438428058518014	0.0
486.93399999723016	0.8422031627145422	0.0
486.93499999723014	0.8405907086582703	0.0
486.9359999972301	0.8390574929631709	0.0
486.9369999972301	0.8376444291101434	0.0
486.93799999723007	0.8363813138293122	0.0
486.93899999723004	0.8352881493209179	0.0
486.93999999723	0.8343771586818344	0.0
486.94099999723	0.8336549458140187	0.0
486.94199999722997	0.8331244220183213	0.0
486.94299999722995	0.8327863115013493	0.0
486.9439999972299	0.8326401960528365	0.0
486.9449999972299	0.8326851447885689	0.0
486.9459999972299	0.8329200081195661	0.0
486.94699999722985	0.8333434583572678	0.0
486.94799999722983	0.8339538520056589	0.0
486.9489999972298	0.8347489792867836	0.0
486.9499999972298	0.8357257519393069	0.0
486.95099999722976	0.8368798522441863	0.0
486.95199999722973	0.8382053201907882	0.0
486.9529999972297	0.8396940024031153	0.0
486.9539999972297	0.8413347566992023	0.0
486.95499999722966	0.8431123421646641	0.0
486.95599999722964	0.8450060558457984	0.0
486.9569999972296	0.8469883897660465	0.0
486.9579999972296	0.8490242012088852	0.0
486.95899999722957	0.8510709951510099	0.0
486.95999999722954	0.8530807989968856	0.0
486.9609999972295	0.8550037340684742	0.0
486.9619999972295	0.8567928207279376	0.0
486.9629999972295	0.8584091233541856	0.0
486.96399999722945	0.8598259099367301	0.0
486.9649999972294	0.8610308178901596	0.0
486.9659999972294	0.8620254797920128	0.0
486.9669999972294	0.8628229815103071	0.0
486.96799999722936	0.8634442980640266	0.0
486.96899999722933	0.8639149388679974	0.0
486.9699999972293	0.8642622653740569	0.0
486.9709999972293	0.8645131681465158	0.0
486.97199999722926	0.8646919290229867	0.0
486.97299999722924	0.8648186829737806	0.0
487.88099999720777	0.9469577375819138	0.0
487.88199999720774	0.9469953064893567	0.0
487.8829999972077	0.9470416393041726	0.0
487.8839999972077	0.9470970578850201	0.0
487.8849999972077	0.9471607506919701	0.0
487.88599999720765	0.9472307406006077	0.0
487.8869999972076	0.9473043714358287	0.0
487.8879999972076	0.9473790386725834	0.0
487.8889999972076	0.9474526788250269	0.0
487.88999999720755	0.9475238114983161	0.0
487.89099999720753	0.9475913121487293	0.0
487.8919999972075	0.9476541767642135	0.0
487.8929999972075	0.9477114006817868	0.0
487.89399999720746	0.9477619698442955	0.0
487.89499999720744	0.9478049215552021	0.0
487.8959999972074	0.9478394475104813	0.0
487.8969999972074	0.9478650048838543	0.0
487.89799999720736	0.9478814201217951	0.0
487.89899999720734	0.9478889629940275	0.0
487.8999999972073	0.9478883744338004	0.0
487.9009999972073	0.947880838781736	0.0
487.90199999720727	0.9478679008846346	0.0
487.90299999720725	0.947851338691589	0.0
487.9039999972072	0.9478330100045755	0.0
487.9049999972072	0.9478146961312677	0.0
487.9059999972072	0.9477979649091949	0.0
487.90699999720715	0.9477840716582712	0.0
487.9079999972071	0.94777391037209	0.0
487.9089999972071	0.9477680200508627	0.0
487.9099999972071	0.947766643217395	0.0
487.91099999720706	0.9477698257793032	0.0
487.91199999720703	0.9477775402394526	0.0
487.912999997207	0.9477898092693642	0.0
487.913999997207	0.9478068057727423	0.0
487.91499999720696	0.9478289101610352	0.0
487.91599999720694	0.9478567152952282	0.0
487.9169999972069	0.9478909818713961	0.0
487.9179999972069	0.9479325579595935	0.0
487.91899999720687	0.9479822822783947	0.0
487.91999999720684	0.9480408900186402	0.0
487.9209999972068	0.9481089338566375	0.0
487.9219999972068	0.9481867245519126	0.0
487.9229999972068	0.9482742889354524	0.0
487.92399999720675	0.9483713405857075	0.0
487.9249999972067	0.9484772603177511	0.0
487.9259999972067	0.9485910880990491	0.0
487.9269999972067	0.9487115325496075	0.0
487.92799999720665	0.9488370063936427	0.0
487.92899999720663	0.9489656947168907	0.0
487.9299999972066	0.9490956576015442	0.0
487.9309999972066	0.9492249609234531	0.0
487.93199999720656	0.9493518210162762	0.0
487.93299999720654	0.9494747430405713	0.0
487.9339999972065	0.9495926312442462	0.0
487.9349999972065	0.949704852675829	0.0
487.93599999720647	0.9498112436110553	0.0
487.93699999720644	0.9499120579780805	0.0
487.9379999972064	0.9500078668705063	0.0
487.9389999972064	0.950099425694561	0.0
487.93999999720637	0.9501875295716805	0.0
487.94099999720635	0.9502728783718746	0.0
487.9419999972063	0.9503559707743178	0.0
487.9429999972063	0.9504370424828361	0.0
487.9439999972063	0.9505160572236659	0.0
487.94499999720625	0.9505927505003446	0.0
487.94599999720623	0.9506667161394747	0.0
487.9469999972062	0.9507375165323594	0.0
487.9479999972062	0.9508047920672408	0.0
487.94899999720616	0.9508683459639167	0.0
487.94999999720613	0.950928188017301	0.0
487.9509999972061	0.9509845324793135	0.0
487.9519999972061	0.9510377574445483	0.0
487.95299999720606	0.9510883415685589	0.0
487.95399999720604	0.951136796409414	0.0
487.954999997206	0.9511836094046147	0.0
487.955999997206	0.9512292058178408	0.0
487.95699999720597	0.9512739309489683	0.0
487.95799999720595	0.9513180488242665	0.0
487.9589999972059	0.9513617513647672	0.0
487.9599999972059	0.9514051722498666	0.0
487.9609999972059	0.9514484012664882	0.0
487.96199999720585	0.9514914967949107	0.0
487.9629999972058	0.951534495565372	0.0
487.9639999972058	0.9515774197048341	0.0
487.9649999972058	0.9516202814510355	0.0
487.96599999720576	0.9516630859132008	0.0
487.96699999720573	0.9517058320539925	0.0
487.9679999972057	0.9517485117351533	0.0
487.9689999972057	0.9517911062264465	0.0
487.96999999720566	0.951833579000661	0.0
487.97099999720564	0.951875862885743	0.0
487.9719999972056	0.9519178386750666	0.0
487.9729999972056	0.9519593010819536	0.0
487.97399999720557	0.9519999065122629	0.0
487.97499999720554	0.9520390957747144	0.0
487.9759999972055	0.9520759842598302	0.0
487.9769999972055	0.9521092137367293	0.0
487.9779999972055	0.9521367660152034	0.0
487.97899999720545	0.9521557518545998	0.0
487.9799999972054	0.9521622099378465	0.0
487.9809999972054	0.9521509779081857	0.0
487.9819999972054	0.9521157216690893	0.0
487.98299999720535	0.9520492156342947	0.0
487.98399999720533	0.9519439393443512	0.0
487.9849999972053	0.9517929867229846	0.0
487.9859999972053	0.9515911829448581	0.0
487.98699999720526	0.9513362016796166	0.0
487.98799999720524	0.9510294166881912	0.0
487.9889999972052	0.9506762436075702	0.0
487.9899999972052	0.9502858381765994	0.0
487.99099999720517	0.9498701845811632	0.0
487.99199999720514	0.9494427717198729	0.0
487.9929999972051	0.9490171544586483	0.0
487.9939999972051	0.9486056978608218	0.0
487.99499999720507	0.9482187139651104	0.0
487.99599999720505	0.9478640665344773	0.0
487.996999997205	0.9475471933630087	0.0
487.997999997205	0.9472714175011948	0.0
487.998999997205	0.94703839979683	0.0
487.99999999720495	0.9468486124551575	0.0
488.00099999720493	0.9467017619884864	0.0
488.0019999972049	0.9465971364241778	0.0
488.0029999972049	0.9465338817239646	0.0
488.00399999720486	0.9465112225611987	0.0
488.00499999720483	0.9465286374042384	0.0
488.0059999972048	0.9465859855210099	0.0
488.0069999972048	0.9466835722615685	0.0
488.00799999720476	0.9468221341332074	0.0
488.00899999720474	0.9470027277834767	0.0
488.0099999972047	0.9472265143427853	0.0
488.0109999972047	0.9474944389001155	0.0
488.01199999720467	0.9478068129010297	0.0
488.01299999720464	0.9481628181108408	0.0
488.0139999972046	0.9485599704071589	0.0
488.0149999972046	0.948993613227678	0.0
488.0159999972046	0.9494565477369354	0.0
488.01699999720455	0.9499389313280829	0.0
488.0179999972045	0.95042856307412	0.0
488.0189999972045	0.9509116062270426	0.0
488.0199999972045	0.9513736777480549	0.0
488.02099999720446	0.9518010956931273	0.0
488.02199999720443	0.9521819694380075	0.0
488.0229999972044	0.9525067944180318	0.0
488.0239999972044	0.9527682933687304	0.0
488.02499999720436	0.9529604119869354	0.0
488.02599999720434	0.9530765822162492	0.0
488.0269999972043	0.9531075614333837	0.0
488.0279999972043	0.9530393085064549	0.0
488.02899999720427	0.952851454462706	0.0
488.02999999720424	0.952516953394062	0.0
488.0309999972042	0.9520034267305153	0.0
488.0319999972042	0.9512764942770922	0.0
488.0329999972042	0.9503049910609702	0.0
488.03399999720415	0.9490674409597257	0.0
488.0349999972041	0.9475586317355481	0.0
488.0359999972041	0.9457948138960212	0.0
488.0369999972041	0.943816114203405	0.0
488.03799999720405	0.9416852828621783	0.0
488.03899999720403	0.9394827716815755	0.0
488.039999997204	0.9372991015108152	0.0
488.040999997204	0.9352261982886206	0.0
488.04199999720396	0.9333496159171445	0.0
488.04299999720394	0.9317432636768911	0.0
488.0439999972039	0.9304675664807172	0.0
488.0449999972039	0.9295710622748423	0.0
488.04599999720386	0.9290949470975135	0.0
488.04699999720384	0.9290786171990956	0.0
488.0479999972038	0.9295631881108248	0.0
488.0489999972038	0.9305872819619464	0.0
488.04999999720377	0.9321688485457353	0.0
488.05099999720375	0.9342739000918708	0.0
488.0519999972037	0.9367896751202609	0.0
488.0529999972037	0.939529865307172	0.0
488.0539999972037	0.9422805730263915	0.0
488.05499999720365	0.9448599062896202	0.0
488.0559999972036	0.9471544051049796	0.0
488.0569999972036	0.0	0.0