waveobs	flux	err
408.76399999907864	0.0	0.0
408.7649999990786	0.927758878532622	0.0
408.7659999990786	0.9236397880797986	0.0
408.76699999907856	0.919064696485911	0.0
408.76799999907854	0.9144439658713318	0.0
408.7689999990785	0.9102879234522846	0.0
408.7699999990785	0.9069423164820457	0.0
408.77099999907847	0.9043727067408155	0.0
408.77199999907845	0.9021950804803276	0.0
408.7729999990784	0.8999084102349986	0.0
408.7739999990784	0.8971483924096116	0.0
408.7749999990784	0.8938480269383912	0.0
408.77599999907835	0.8902778957661366	0.0
408.7769999990783	0.886972623013826	0.0
408.7779999990783	0.8845677042140139	0.0
408.7789999990783	0.8835968531177018	0.0
408.77999999907826	0.8843183180063104	0.0
408.78099999907823	0.8866335451871781	0.0
408.7819999990782	0.8901258281662486	0.0
408.7829999990782	0.8941964976044573	0.0
408.78399999907816	0.8982384180675286	0.0
408.78499999907814	0.9017805861686315	0.0
408.7859999990781	0.9045624321580977	0.0
408.7869999990781	0.9065333023834811	0.0
408.78799999907807	0.9078002737072047	0.0
408.78899999907804	0.9085559384904356	0.0
408.789999999078	0.909011008078455	0.0
408.790999999078	0.909344812619559	0.0
408.791999999078	0.9096776698888405	0.0
408.79299999907795	0.91006415481828	0.0
408.7939999990779	0.9105033916091844	0.0
408.7949999990779	0.9109599663034688	0.0
408.7959999990779	0.9113874355495601	0.0
408.79699999907785	0.9117470699330079	0.0
408.79799999907783	0.912017644096342	0.0
408.7989999990778	0.9121962723970692	0.0
408.7999999990778	0.9122934051915593	0.0
408.80099999907776	0.9123259884117423	0.0
408.80199999907774	0.9123117610354887	0.0
408.8029999990777	0.9122659072589732	0.0
408.8039999990777	0.9121998764045175	0.0
408.80499999907767	0.9121215650993622	0.0
408.80599999907764	0.9120360720838364	0.0
408.8069999990776	0.9119465238990286	0.0
408.8079999990776	0.9118547529382508	0.0
408.80899999907757	0.9117617820519184	0.0
408.80999999907755	0.9116681414511025	0.0
408.8109999990775	0.9115740581621464	0.0
408.8119999990775	0.9114795499199398	0.0
408.8129999990775	0.911384440512433	0.0
408.81399999907745	0.9112882976741117	0.0
408.81499999907743	0.9111902786499299	0.0
408.8159999990774	0.9110888521780182	0.0
408.8169999990774	0.9109813506998516	0.0
408.81799999907736	0.9108633024051921	0.0
408.81899999907733	0.9107275182230097	0.0
408.8199999990773	0.9105629816547302	0.0
408.8209999990773	0.9103536947713146	0.0
408.82199999907726	0.9100776883976305	0.0
408.82299999907724	0.9097062610409629	0.0
408.8239999990772	0.9092030641009416	0.0
408.8249999990772	0.908522051309517	0.0
408.82599999907717	0.907603158115827	0.0
408.82699999907715	0.9063658163719559	0.0
408.8279999990771	0.9047036783395092	0.0
408.8289999990771	0.9024884519521525	0.0
408.8299999990771	0.8995935425839151	0.0
408.83099999907705	0.8959447453359061	0.0
408.831999999077	0.891592556471959	0.0
408.832999999077	0.8867816002922844	0.0
408.833999999077	0.8819777529890531	0.0
408.83499999907696	0.8778167301135203	0.0
408.83599999907693	0.874966117186696	0.0
408.8369999990769	0.8739364880158967	0.0
408.8379999990769	0.8749115895902918	0.0
408.83899999907686	0.8776677887284273	0.0
408.83999999907684	0.8816135594345802	0.0
408.8409999990768	0.8859214588081116	0.0
408.8419999990768	0.8896817842477733	0.0
408.84299999907677	0.8920031364560935	0.0
408.84399999907674	0.8920204795908965	0.0
408.8449999990767	0.8888261895504719	0.0
408.8459999990767	0.881389911714168	0.0
408.8469999990767	0.8685612396217142	0.0
408.84799999907665	0.8492431679740737	0.0
408.8489999990766	0.8227734786951308	0.0
408.8499999990766	0.7894541623318561	0.0
408.8509999990766	0.7510509752962241	0.0
408.85199999907655	0.7110061797504411	0.0
408.85299999907653	0.6741376642223588	0.0
408.8539999990765	0.6457660137988585	0.0
408.8549999990765	0.6304641066670053	0.0
408.85599999907646	0.6308366943547944	0.0
408.85699999907644	0.6467837115798164	0.0
408.8579999990764	0.6755354606944086	0.0
408.8589999990764	0.7124420809119282	0.0
408.85999999907636	0.7522046475189907	0.0
408.86099999907634	0.7900937616678527	0.0
408.8619999990763	0.8227683212070048	0.0
408.8629999990763	0.8485246186984506	0.0
408.86399999907627	0.8670483769243398	0.0
408.86499999907625	0.8788963286748845	0.0
408.8659999990762	0.884957819375103	0.0
408.8669999990762	0.8860740800298581	0.0
408.8679999990762	0.8828882905345554	0.0
408.86899999907615	0.8759110665916483	0.0
408.86999999907613	0.8657257348661598	0.0
408.8709999990761	0.8532189893098104	0.0
408.8719999990761	0.8397067123775365	0.0
408.87299999907606	0.8268497867180996	0.0
408.87399999907603	0.8163352970442346	0.0
408.874999999076	0.8094171529513764	0.0
408.875999999076	0.8065097565319816	0.0
408.87699999907596	0.8070418836657313	0.0
408.87799999907594	0.8096780861809842	0.0
408.8789999990759	0.8128433622091412	0.0
408.8799999990759	0.815335248910234	0.0
408.88099999907587	0.816760571902188	0.0
408.88199999907584	0.8176167414766404	0.0
408.8829999990758	0.819002886070805	0.0
408.8839999990758	0.822107940553155	0.0
408.8849999990758	0.8277049900206981	0.0
408.88599999907575	0.8358541143512536	0.0
408.8869999990757	0.8459042769954415	0.0
408.8879999990757	0.8567490361848816	0.0
408.8889999990757	0.8671954046704644	0.0
408.88999999907566	0.876287162115365	0.0
408.89099999907563	0.8834779914925619	0.0
408.8919999990756	0.8886365235074758	0.0
408.8929999990756	0.891937129001243	0.0
408.89399999907556	0.893717675030294	0.0
408.89499999907554	0.8943680967185101	0.0
408.8959999990755	0.8942728006198963	0.0
408.8969999990755	0.893792221727205	0.0
408.89799999907547	0.8932524691012599	0.0
408.89899999907544	0.8929203273031199	0.0
408.8999999990754	0.8929635445118741	0.0
408.9009999990754	0.8934161085216027	0.0
408.9019999990754	0.8941716635254544	0.0
408.90299999907535	0.8950142834287902	0.0
408.9039999990753	0.8956756258512099	0.0
408.9049999990753	0.8958949261759493	0.0
408.9059999990753	0.8954590884744363	0.0
408.90699999907525	0.8942091245409541	0.0
408.90799999907523	0.892007525532756	0.0
408.9089999990752	0.8886658334923692	0.0
408.9099999990752	0.8838383119116866	0.0
408.91099999907516	0.8769041381181605	0.0
408.91199999907514	0.866887748654044	0.0
408.9129999990751	0.8524929817284056	0.0
408.9139999990751	0.8323289401690317	0.0
408.91499999907506	0.805360954867161	0.0
408.91599999907504	0.7715221181259005	0.0
408.916999999075	0.732297177312815	0.0
408.917999999075	0.691005557757967	0.0
408.91899999907497	0.6525377720605463	0.0
408.91999999907495	0.622470960112748	0.0
408.9209999990749	0.6057528514060836	0.0
408.9219999990749	0.6053737416744259	0.0
408.9229999990749	0.621511464015569	0.0
408.92399999907485	0.6514795132737807	0.0
408.9249999990748	0.6904957679941	0.0
408.9259999990748	0.7329689184172602	0.0
408.9269999990748	0.7738264679483284	0.0
408.92799999907476	0.8094544352056243	0.0
408.92899999907473	0.8380381633362527	0.0
408.9299999990747	0.859356626077396	0.0
408.9309999990747	0.8742598404182986	0.0
408.93199999907466	0.8840926507736616	0.0
408.93299999907464	0.8902475747828059	0.0
408.9339999990746	0.8939106428400385	0.0
408.9349999990746	0.8959734939519582	0.0
408.93599999907457	0.8970475448412532	0.0
408.93699999907454	0.8975206345545306	0.0
408.9379999990745	0.897618840530383	0.0
408.9389999990745	0.8974576795420726	0.0
408.9399999990745	0.8970805410009092	0.0
408.94099999907445	0.8964884095293603	0.0
408.9419999990744	0.8956662177777526	0.0
408.9429999990744	0.8946091930320256	0.0
408.9439999990744	0.8933482524133114	0.0
408.94499999907435	0.8919684343946421	0.0
408.94599999907433	0.890611444186567	0.0
408.9469999990743	0.8894557398628974	0.0
408.9479999990743	0.8886759134235057	0.0
408.94899999907426	0.8883939108432614	0.0
408.94999999907424	0.8886413209767079	0.0
408.9509999990742	0.8893492247953841	0.0
408.9519999990742	0.8903702350860083	0.0
408.95299999907417	0.8915228412059987	0.0
408.95399999907414	0.892639349348848	0.0
408.9549999990741	0.8935999725128996	0.0
408.9559999990741	0.8943448028059247	0.0
408.95699999907407	0.8948661159331043	0.0
408.95799999907405	0.8951899735450501	0.0
408.958999999074	0.8953565889787136	0.0
408.959999999074	0.8954053521152634	0.0
408.960999999074	0.8953660322147697	0.0
408.96199999907395	0.8952547706078383	0.0
408.96299999907393	0.8950726077604255	0.0
408.9639999990739	0.8948049490831677	0.0
408.9649999990739	0.8944218578242807	0.0
408.96599999907386	0.8938808119416347	0.0
408.96699999907383	0.8931348629107063	0.0
408.9679999990738	0.8921487833135131	0.0
408.9689999990738	0.8909225122966316	0.0
408.96999999907376	0.8895151166828332	0.0
408.97099999907374	0.8880565468540904	0.0
408.9719999990737	0.8867339228665434	0.0
408.9729999990737	0.8857477665473944	0.0
408.97399999907367	0.8852492970612446	0.0
408.97499999907365	0.8852835946063307	0.0
408.9759999990736	0.8857648979518434	0.0
408.9769999990736	0.8864966010869789	0.0
408.9779999990736	0.8872274262097901	0.0
408.97899999907355	0.8877196000994018	0.0
408.9799999990735	0.8878025705893946	0.0
408.9809999990735	0.8873949432963013	0.0
408.9819999990735	0.8864902718115373	0.0
408.98299999907346	0.8851136762782065	0.0
408.98399999907343	0.8832658113465003	0.0
408.9849999990734	0.8808792348482579	0.0
408.9859999990734	0.8778158970379398	0.0
408.98699999907336	0.8739253958964189	0.0
408.98799999907334	0.8691576152251254	0.0
408.9889999990733	0.8636879305611638	0.0
408.9899999990733	0.8579878212663333	0.0
408.99099999907327	0.8527793561430037	0.0
408.99199999907324	0.8488552706738042	0.0
408.9929999990732	0.8468100497871371	0.0
408.9939999990732	0.8467766513553575	0.0
408.9949999990732	0.8482670710944885	0.0
408.99599999907315	0.8501689341734795	0.0
408.9969999990731	0.8508845881688815	0.0
408.9979999990731	0.8485580632050944	0.0
408.9989999990731	0.8413437565158295	0.0
408.99999999907305	0.8277123037214812	0.0
409.00099999907303	0.8068150099127746	0.0
409.001999999073	0.7788949130320798	0.0
409.002999999073	0.7456424297553453	0.0
409.00399999907296	0.7103065387007865	0.0
409.00499999907294	0.6773725869742612	0.0
409.0059999990729	0.6517503749104704	0.0
409.0069999990729	0.6376400362057596	0.0
409.00799999907287	0.6374401533942202	0.0
409.00899999907284	0.65110692836446	0.0
409.0099999990728	0.6762174636532263	0.0
409.0109999990728	0.7087041603373321	0.0
409.01199999907277	0.7439599754666121	0.0
409.01299999907275	0.7779018035190828	0.0
409.0139999990727	0.8076620999922453	0.0
409.0149999990727	0.8317865859221639	0.0
409.0159999990727	0.8500240493002972	0.0
409.01699999907265	0.8629066815401533	0.0
409.01799999907263	0.8713158359067313	0.0
409.0189999990726	0.8761533281499148	0.0
409.0199999990726	0.878154909823511	0.0
409.02099999907256	0.8778291712440446	0.0
409.02199999907253	0.8754864035934395	0.0
409.0229999990725	0.8713227275622871	0.0
409.0239999990725	0.8655295805803087	0.0
409.02499999907246	0.858401037395466	0.0
409.02599999907244	0.8504126639326327	0.0
409.0269999990724	0.8422490135976539	0.0
409.0279999990724	0.8347645033974228	0.0
409.02899999907237	0.8288751268836713	0.0
409.02999999907234	0.825396604308072	0.0
409.0309999990723	0.8248659110132784	0.0
409.0319999990723	0.8273997458770987	0.0
409.0329999990723	0.832643150456124	0.0
409.03399999907225	0.8398362046355974	0.0
409.0349999990722	0.8479827820274148	0.0
409.0359999990722	0.8560638058598198	0.0
409.0369999990722	0.8632215293170821	0.0
409.03799999907216	0.868859930799693	0.0
409.03899999907213	0.8726474065282199	0.0
409.0399999990721	0.8744474763322975	0.0
409.0409999990721	0.8742209937753942	0.0
409.04199999907206	0.8719345369176463	0.0
409.04299999907204	0.8674860439497241	0.0
409.043999999072	0.8606414641192297	0.0
409.044999999072	0.8509833895113763	0.0
409.04599999907197	0.8379055152175796	0.0
409.04699999907194	0.8207207113785047	0.0
409.0479999990719	0.7989431244933083	0.0
409.0489999990719	0.7727266460501002	0.0
409.0499999990719	0.7433140712644148	0.0
409.05099999907185	0.7132528020731473	0.0
409.0519999990718	0.6861574318163999	0.0
409.0529999990718	0.6659771637465716	0.0
409.0539999990718	0.6559778087446716	0.0
409.05499999907175	0.6578236861025445	0.0
409.05599999907173	0.6711266390193985	0.0
409.0569999990717	0.6936217371246131	0.0
409.0579999990717	0.721855698358739	0.0
409.05899999907166	0.7520871915425883	0.0
409.05999999907164	0.7810775672075175	0.0
409.0609999990716	0.8065678152557415	0.0
409.0619999990716	0.8274004575356508	0.0
409.06299999907156	0.8433691412074578	0.0
409.06399999907154	0.8549287363651226	0.0
409.0649999990715	0.8628857106270559	0.0
409.0659999990715	0.8681438557482116	0.0
409.06699999907147	0.8715335080561023	0.0
409.06799999907145	0.8737203596467265	0.0
409.0689999990714	0.8751763360168976	0.0
409.0699999990714	0.8761937201765134	0.0
409.0709999990714	0.8769259919963099	0.0
409.07199999907135	0.8774398751805388	0.0
409.0729999990713	0.8777637409190042	0.0
409.0739999990713	0.8779209609470414	0.0
409.0749999990713	0.877943744269165	0.0
409.07599999907126	0.8778704718855739	0.0
409.07699999907123	0.8777336851915618	0.0
409.0779999990712	0.8775452278827899	0.0
409.0789999990712	0.8772812703566394	0.0
409.07999999907116	0.8768659336643211	0.0
409.08099999907114	0.8761497920230713	0.0
409.0819999990711	0.8748789471086886	0.0
409.0829999990711	0.8726517344453337	0.0
409.08399999907107	0.8688649095278225	0.0
409.08499999907104	0.8626619267324446	0.0
409.085999999071	0.8529149563149142	0.0
409.086999999071	0.8382900500279182	0.0
409.087999999071	0.8174674699501271	0.0
409.08899999907095	0.7895809114467813	0.0
409.0899999990709	0.7548711743299101	0.0
409.0909999990709	0.715289937988249	0.0
409.0919999990709	0.6744235728518224	0.0
409.09299999907086	0.6363147473630953	0.0
409.09399999907083	0.6038708175437785	0.0
409.0949999990708	0.5781171825658589	0.0
409.3329999990652	0.8337603500103156	0.0
409.33399999906516	0.8338807460646142	0.0
409.33499999906513	0.8339855860303108	0.0
409.3359999990651	0.8340440713600075	0.0
409.3369999990651	0.8340198654197236	0.0
409.33799999906506	0.8338805827359922	0.0
409.33899999906504	0.8336031161988908	0.0
409.339999999065	0.8331709564928665	0.0
409.340999999065	0.8325698601424194	0.0
409.34199999906497	0.8317890341157896	0.0
409.34299999906494	0.8308275575562825	0.0
409.3439999990649	0.8297003463519081	0.0
409.3449999990649	0.8284377562094581	0.0
409.3459999990649	0.8270765974964738	0.0
409.34699999906485	0.8256464568037064	0.0
409.3479999990648	0.8241606264992496	0.0
409.3489999990648	0.8226213170014824	0.0
409.3499999990648	0.8210415036970101	0.0
409.35099999906475	0.8194735353928465	0.0
409.35199999906473	0.818025532313703	0.0
409.3529999990647	0.8168488552566202	0.0
409.3539999990647	0.8160950197862634	0.0
409.35499999906466	0.8158601022679836	0.0
409.35599999906464	0.8161455259185828	0.0
409.3569999990646	0.8168572992508384	0.0
409.3579999990646	0.817844468228709	0.0
409.35899999906457	0.8189554585978965	0.0
409.35999999906454	0.8200826269692096	0.0
409.3609999990645	0.8211754206397365	0.0
409.3619999990645	0.8222230003632178	0.0
409.36299999906447	0.8232238232515717	0.0
409.36399999906445	0.8241627745133021	0.0
409.3649999990644	0.8250067467866492	0.0
409.3659999990644	0.8257159720763336	0.0
409.3669999990644	0.8262601914290242	0.0
409.36799999906435	0.8266292890337694	0.0
409.36899999906433	0.8268342204547969	0.0
409.3699999990643	0.826900376153582	0.0
409.3709999990643	0.8268583388182281	0.0
409.37199999906426	0.8267362000154319	0.0
409.37299999906423	0.8265552182012865	0.0
409.3739999990642	0.8263286252992756	0.0
409.3749999990642	0.826062622768854	0.0
409.37599999906416	0.8257587510702445	0.0
409.37699999906414	0.8254171549503775	0.0
409.3779999990641	0.8250402614292996	0.0
409.3789999990641	0.8246359444231434	0.0
409.37999999906407	0.8242187273052133	0.0
409.38099999906404	0.823807555340171	0.0
409.381999999064	0.8234195435702166	0.0
409.382999999064	0.8230606734972548	0.0
409.383999999064	0.8227158852518133	0.0
409.38499999906395	0.8223415818599007	0.0
409.3859999990639	0.8218631624861181	0.0
409.3869999990639	0.8211796674452124	0.0
409.3879999990639	0.8201777482226689	0.0
409.38899999906386	0.8187572930827285	0.0
409.38999999906383	0.8168686642913001	0.0
409.3909999990638	0.8145544591143342	0.0
409.3919999990638	0.8119787658507688	0.0
409.39299999906376	0.8094213976984488	0.0
409.39399999906374	0.8072224878201893	0.0
409.3949999990637	0.8056860596974931	0.0
409.3959999990637	0.8049787514792932	0.0
409.39699999906367	0.8050723738237131	0.0
409.39799999906364	0.8057630285029215	0.0
409.3989999990636	0.8067606824252831	0.0
409.3999999990636	0.8078047978356939	0.0
409.4009999990636	0.8087488758837035	0.0
409.40199999906355	0.8095776077103184	0.0
409.4029999990635	0.810360158379616	0.0
409.4039999990635	0.8111760515449754	0.0
409.4049999990635	0.8120574514780985	0.0
409.40599999906345	0.8129732058110682	0.0
409.40699999906343	0.8138515404983393	0.0
409.4079999990634	0.8146185533758671	0.0
409.4089999990634	0.8152279144709184	0.0
409.40999999906336	0.8156695024399262	0.0
409.41099999906334	0.8159597494992386	0.0
409.4119999990633	0.8161247355603165	0.0
409.4129999990633	0.8161863027268382	0.0
409.41399999906326	0.8161555793656889	0.0
409.41499999906324	0.8160327340942727	0.0
409.4159999990632	0.8158095606120186	0.0
409.4169999990632	0.81547242099512	0.0
409.41799999906317	0.8150051653510281	0.0
409.41899999906315	0.814393001524501	0.0
409.4199999990631	0.8136281169722315	0.0
409.4209999990631	0.8127165160847538	0.0
409.4219999990631	0.8116840346711871	0.0
409.42299999906305	0.8105788072175376	0.0
409.423999999063	0.8094679935188668	0.0
409.424999999063	0.8084279878560598	0.0
409.425999999063	0.8075289490681532	0.0
409.42699999906296	0.8068158964870457	0.0
409.42799999906293	0.8062899374684086	0.0
409.4289999990629	0.805894569217519	0.0
409.4299999990629	0.8055128072141823	0.0
409.43099999906286	0.8049797068821922	0.0
409.43199999906284	0.8041105818944343	0.0
409.4329999990628	0.8027388706168321	0.0
409.4339999990628	0.8007519997639173	0.0
409.43499999906277	0.7981149560890498	0.0
409.43599999906274	0.7948796657671299	0.0
409.4369999990627	0.7911892797078202	0.0
409.4379999990627	0.7872800026910766	0.0
409.4389999990627	0.7834553626090676	0.0
409.43999999906265	0.7800073815333655	0.0
409.4409999990626	0.7771220052966635	0.0
409.4419999990626	0.7748431948883145	0.0
409.91699999905137	0.586240521164011	0.0
409.91799999905135	0.5876818149850424	0.0
409.9189999990513	0.5894231053804476	0.0
409.9199999990513	0.5913610838953337	0.0
409.9209999990513	0.5932950232136756	0.0
409.92199999905125	0.5949880005899733	0.0
409.9229999990512	0.5962620015761132	0.0
409.9239999990512	0.5970511345687356	0.0
409.9249999990512	0.5973868414111415	0.0
409.92599999905116	0.5973518379930447	0.0
409.92699999905113	0.5970405148794496	0.0
409.9279999990511	0.5965366676382319	0.0
409.9289999990511	0.5959047540666736	0.0
409.92999999905106	0.5951891422298068	0.0
409.93099999905104	0.594417373105479	0.0
409.931999999051	0.5936055062102249	0.0
409.932999999051	0.5927642307269936	0.0
409.93399999905097	0.5919043690912951	0.0
409.93499999905094	0.5910401149849646	0.0
409.9359999990509	0.5901887295265008	0.0
409.9369999990509	0.5893667531732666	0.0
409.9379999990509	0.5885844917576963	0.0
409.93899999905085	0.587841496870992	0.0
409.9399999990508	0.5871252025850057	0.0
409.9409999990508	0.586413040586089	0.0
409.9419999990508	0.5856764157157205	0.0
409.94299999905076	0.5848841789630188	0.0
409.94399999905073	0.5840041948426826	0.0
409.9449999990507	0.5830037030281067	0.0
409.9459999990507	0.5818511625388004	0.0
409.94699999905066	0.5805227756717835	0.0
409.94799999905064	0.579014977469562	0.0
409.9489999990506	0.5773599508670252	0.0
409.9499999990506	0.5756364982074539	0.0
409.95099999905057	0.573966733411575	0.0
409.95199999905054	0.5724930903039828	0.0
409.9529999990505	0.5713397846267295	0.0
409.9539999990505	0.5705730983988258	0.0
409.9549999990505	0.5701784980557597	0.0
409.95599999905045	0.5700658360947938	0.0
409.9569999990504	0.5701000759001944	0.0
409.9579999990504	0.5701427506967907	0.0
409.9589999990504	0.5700861352833194	0.0
409.95999999905035	0.5698686429945468	0.0
409.96099999905033	0.5694706314927562	0.0
409.9619999990503	0.5688976461958606	0.0
409.9629999990503	0.568159816443059	0.0
409.96399999905026	0.5672530126635742	0.0
409.96499999905024	0.5661430888194153	0.0
409.9659999990502	0.5647519979023139	0.0
409.9669999990502	0.5629448424153489	0.0
409.96799999905016	0.5605197409036897	0.0
409.96899999905014	0.5572069453234838	0.0
409.9699999990501	0.552688491634168	0.0
409.9709999990501	0.5466519114171093	0.0
409.97199999905007	0.538886600855068	0.0
409.97299999905005	0.5294152000025074	0.0
409.97399999905	0.5186259227726692	0.0
409.97499999905	0.5073462295104172	0.0
409.97599999905	0.49679300918480945	0.0
409.97699999904995	0.4883661313131992	0.0
409.9779999990499	0.4833182614725452	0.0
409.9789999990499	0.48240474447028514	0.0
409.9799999990499	0.4856495376697462	0.0
409.98099999904986	0.4923282288847399	0.0
409.98199999904983	0.5011783949287862	0.0
409.9829999990498	0.5107492939657948	0.0
409.9839999990498	0.5197514300276672	0.0
409.98499999904976	0.5272858475133132	0.0
409.98599999904974	0.5329034738157363	0.0
409.9869999990497	0.5365214063308482	0.0
409.9879999990497	0.5382677767741884	0.0
409.98899999904967	0.5383296452020984	0.0
409.98999999904964	0.5368541237262097	0.0
409.9909999990496	0.5339230507996411	0.0
409.9919999990496	0.5295979123265407	0.0
409.9929999990496	0.5240137498512493	0.0
409.99399999904955	0.5174842419344279	0.0
409.9949999990495	0.5105674496871404	0.0
409.9959999990495	0.5040439819322057	0.0
409.9969999990495	0.4987868828898524	0.0
409.99799999904945	0.49555138232844365	0.0
409.99899999904943	0.4947597599461119	0.0
409.9999999990494	0.4963718419415595	0.0
410.0009999990494	0.49989988743806135	0.0
410.00199999904936	0.5045620087771916	0.0
410.00299999904934	0.5095072398106677	0.0
410.0039999990493	0.5140218690040679	0.0
410.0049999990493	0.5176493176294266	0.0
410.00599999904927	0.5202049595876592	0.0
410.00699999904924	0.5217119112424303	0.0
410.0079999990492	0.5223032115255488	0.0
410.0089999990492	0.5221289489669853	0.0
410.00999999904917	0.5212868120136877	0.0
410.01099999904915	0.5197761201058468	0.0
410.0119999990491	0.5174670527165495	0.0
410.0129999990491	0.5140796491700765	0.0
410.0139999990491	0.5091780368015845	0.0
410.01499999904905	0.502198670742188	0.0
410.01599999904903	0.4925387184669867	0.0
410.016999999049	0.47972159290046	0.0
410.017999999049	0.4636247593538474	0.0
410.01899999904896	0.4447056575237526	0.0
410.01999999904893	0.42412417195373475	0.0
410.0209999990489	0.4036562704648807	0.0
410.0219999990489	0.38534001922576544	0.0
410.02299999904886	0.37089110589232954	0.0
410.02399999904884	0.36110579007022764	0.0
410.0249999990488	0.3556403543995804	0.0
410.0259999990488	0.35337088262826416	0.0
410.02699999904877	0.35302613428837903	0.0
410.4539999990387	0.6242431164212512	0.0
410.45499999903865	0.6245408750912942	0.0
410.4559999990386	0.6249243102814657	0.0
410.4569999990386	0.6253938229215797	0.0
410.4579999990386	0.6259323268833591	0.0
410.45899999903855	0.6265066070225132	0.0
410.45999999903853	0.6270745043570715	0.0
410.4609999990385	0.6275883660852888	0.0
410.4619999990385	0.6279888990980037	0.0
410.46299999903846	0.6281924520522975	0.0
410.46399999903844	0.6280774880758876	0.0
410.4649999990384	0.6274754874991698	0.0
410.4659999990384	0.6261733476211613	0.0
410.46699999903836	0.6239373859148781	0.0
410.46799999903834	0.6205681350633017	0.0
410.4689999990383	0.615986023167731	0.0
410.4699999990383	0.6103297655001511	0.0
410.47099999903827	0.6040285970746971	0.0
410.47199999903825	0.5977998321681212	0.0
410.4729999990382	0.5925381695794047	0.0
410.4739999990382	0.5891046466749346	0.0
410.4749999990382	0.5880747367634179	0.0
410.47599999903815	0.5895380823780652	0.0
410.4769999990381	0.5930338346764321	0.0
410.4779999990381	0.5976555432547636	0.0
410.4789999990381	0.6022927278823944	0.0
410.47999999903806	0.6059257526494387	0.0
410.48099999903803	0.6078766279373375	0.0
410.481999999038	0.6079393655461659	0.0
410.482999999038	0.606354663118854	0.0
410.48399999903796	0.6036410852050542	0.0
410.48499999903794	0.6003407535798704	0.0
410.4859999990379	0.5967735839513156	0.0
410.4869999990379	0.5929047547386149	0.0
410.48799999903787	0.5883982805747632	0.0
410.48899999903784	0.5828538546737329	0.0
410.4899999990378	0.5761316797066396	0.0
410.4909999990378	0.5686094384979622	0.0
410.4919999990378	0.5612291319888932	0.0
410.49299999903775	0.5552839892860095	0.0
410.4939999990377	0.5520232875695782	0.0
410.4949999990377	0.5522450982811681	0.0
410.4959999990377	0.5560501728800068	0.0
410.49699999903766	0.5628445787603381	0.0
410.49799999903763	0.5715588793536001	0.0
410.4989999990376	0.5809681082424231	0.0
410.4999999990376	0.5899869276051856	0.0
410.50099999903756	0.597861993537238	0.0
410.50199999903754	0.6042416334626686	0.0
410.5029999990375	0.6091362474598205	0.0
410.5039999990375	0.6127914149909787	0.0
410.50499999903747	0.6155019258892226	0.0
410.50599999903744	0.6174132348897481	0.0
410.5069999990374	0.618377641125161	0.0
410.5079999990374	0.6179333905258243	0.0
410.50899999903737	0.6154428163041862	0.0
410.50999999903735	0.6103679342699238	0.0
410.5109999990373	0.6026004135968464	0.0
410.5119999990373	0.5927220537431751	0.0
410.5129999990373	0.5820718768343167	0.0
410.51399999903725	0.5725476238470789	0.0
410.51499999903723	0.5661658782793593	0.0
410.5159999990372	0.564512946600491	0.0
410.5169999990372	0.5682849678031704	0.0
410.51799999903716	0.5770961378230178	0.0
410.51899999903713	0.5896267804446398	0.0
410.5199999990371	0.6040395057456517	0.0
410.5209999990371	0.6184875927974824	0.0
410.52199999903706	0.6315265522949001	0.0
410.52299999903704	0.6423131976481617	0.0
410.523999999037	0.6505848132142781	0.0
410.524999999037	0.65649407464164	0.0
410.52599999903697	0.660401804216035	0.0
410.52699999903695	0.6627066605588302	0.0
410.5279999990369	0.6637475969437454	0.0
410.5289999990369	0.6637781018915375	0.0
410.5299999990369	0.6629916921689387	0.0
410.53099999903685	0.6615725943866158	0.0
410.5319999990368	0.6597463405024228	0.0
410.5329999990368	0.6578080329985657	0.0
410.5339999990368	0.6561124724785983	0.0
410.53499999903676	0.6550227936971301	0.0
410.53599999903673	0.6548315976173773	0.0
410.5369999990367	0.6556838434517481	0.0
410.5379999990367	0.6575345607346262	0.0
410.53899999903666	0.6601619174351907	0.0
410.53999999903664	0.6632322334503546	0.0
410.5409999990366	0.6663909842601247	0.0
410.5419999990366	0.6693451108313424	0.0
410.54299999903657	0.6719106030843232	0.0
410.54399999903654	0.6740183216522927	0.0
410.5449999990365	0.6756886322260631	0.0
410.5459999990365	0.6769933822315578	0.0
410.5469999990365	0.678021327010185	0.0
410.54799999903645	0.6788552273832738	0.0
410.5489999990364	0.6795612527829135	0.0
410.5499999990364	0.6801871509414846	0.0
410.5509999990364	0.6807649061645803	0.0
410.55199999903635	0.6813147467264927	0.0
410.55299999903633	0.6818488599274569	0.0
410.5539999990363	0.6823742576346273	0.0
410.5549999990363	0.6828947841914259	0.0
410.55599999903626	0.6834124416577716	0.0
410.55699999903624	0.6839282193186945	0.0
410.5579999990362	0.6844425778105375	0.0
410.5589999990362	0.6849557037778341	0.0
410.55999999903617	0.6854676261318673	0.0
410.56099999903614	0.6859782611134951	0.0
410.5619999990361	0.686487424279174	0.0
410.5629999990361	0.6869948164447294	0.0
410.56399999903607	0.6874999661087187	0.0
410.56499999903605	0.6880020978262914	0.0
410.565999999036	0.6884998907547462	0.0
410.566999999036	0.6889910864726506	0.0
410.567999999036	0.6894719009669206	0.0
410.56899999903595	0.6899362149197968	0.0
410.56999999903593	0.6903746057475998	0.0
410.5709999990359	0.690773492356517	0.0
410.5719999990359	0.6911149787188055	0.0
410.57299999903586	0.6913783008758658	0.0
410.57399999903583	0.6915438898683476	0.0
410.5749999990358	0.6916004786720439	0.0
410.5759999990358	0.6915533574272382	0.0
410.57699999903576	0.6914278805840454	0.0
410.57799999903574	0.691262205104182	0.0
410.5789999990357	0.6910924223611625	0.0
410.5799999990357	0.6909415298295885	0.0
411.5599999990125	0.9149079421448061	0.0
411.5609999990125	0.9149585837354163	0.0
411.56199999901247	0.9150197345377924	0.0
411.56299999901245	0.9150896799946346	0.0
411.5639999990124	0.9151648846396846	0.0
411.5649999990124	0.9152412943861052	0.0
411.5659999990124	0.9153157070094821	0.0
411.56699999901235	0.9153856089156683	0.0
411.56799999901233	0.9154475257778054	0.0
411.5689999990123	0.9154953417239821	0.0
411.5699999990123	0.9155197391867496	0.0
411.57099999901226	0.9155089507276924	0.0
411.57199999901223	0.9154501656396278	0.0
411.5729999990122	0.9153300923513895	0.0
411.5739999990122	0.9151323702887797	0.0
411.57499999901216	0.9148294055811609	0.0
411.57599999901214	0.9143674347638295	0.0
411.5769999990121	0.9136465362221885	0.0
411.5779999990121	0.9125014871994745	0.0
411.57899999901207	0.9106937659704047	0.0
411.57999999901205	0.9079279702066068	0.0
411.580999999012	0.9039048109100438	0.0
411.581999999012	0.8984139969812724	0.0
411.582999999012	0.8914513188876436	0.0
411.58399999901195	0.8833186657786086	0.0
411.5849999990119	0.8746468402636336	0.0
411.5859999990119	0.8662880479494843	0.0
411.5869999990119	0.859069683863338	0.0
411.58799999901186	0.8534732217736597	0.0
411.58899999901183	0.8493667861968841	0.0
411.5899999990118	0.8459350689295726	0.0
411.5909999990118	0.841893230554491	0.0
411.59199999901176	0.8359573816871705	0.0
411.59299999901174	0.8274208439926295	0.0
411.5939999990117	0.816610217277623	0.0
411.5949999990117	0.805009938902014	0.0
411.59599999901167	0.7949555333871733	0.0
411.59699999901164	0.7889682858739818	0.0
411.5979999990116	0.7889653474158602	0.0
411.5989999990116	0.7956483215817945	0.0
411.5999999990116	0.8083051790430648	0.0
411.60099999901155	0.8250811347145954	0.0
411.6019999990115	0.8435751018529003	0.0
411.6029999990115	0.8615026064277813	0.0
411.6039999990115	0.877183892038919	0.0
411.60499999901145	0.8897373791557083	0.0
411.60599999901143	0.8990023317762276	0.0
411.6069999990114	0.9053062428332612	0.0
411.6079999990114	0.9092062578702399	0.0
411.60899999901136	0.9112921964178087	0.0
411.60999999901134	0.9120818025054913	0.0
411.6109999990113	0.9119958578194733	0.0
411.6119999990113	0.9113801103643726	0.0
411.61299999901127	0.9105381981809355	0.0
411.61399999901124	0.9097484872163929	0.0
411.6149999990112	0.9092534190080326	0.0
411.6159999990112	0.9092276560906695	0.0
411.61699999901117	0.9097441762452827	0.0
411.61799999901115	0.9107593912177553	0.0
411.6189999990111	0.9121285038071913	0.0
411.6199999990111	0.9136466238522193	0.0
411.6209999990111	0.9150988938747641	0.0
411.62199999901105	0.9163006467941086	0.0
411.62299999901103	0.9171166010407663	0.0
411.623999999011	0.917460759194481	0.0
411.624999999011	0.9172887110516454	0.0
411.62599999901096	0.9165962718864247	0.0
411.62699999901093	0.9154316549253326	0.0
411.6279999990109	0.9139157707722523	0.0
411.6289999990109	0.9122534188937167	0.0
411.62999999901086	0.9107151211465433	0.0
411.63099999901084	0.9095799805896849	0.0
411.6319999990108	0.9090508153444934	0.0
411.6329999990108	0.9091717466231185	0.0
411.63399999901077	0.9097817598343574	0.0
411.63499999901074	0.9105213742130005	0.0
411.6359999990107	0.9108839140507583	0.0
411.6369999990107	0.910286151159867	0.0
411.6379999990107	0.908137040383941	0.0
411.63899999901065	0.9039036122195591	0.0
411.6399999990106	0.8971921829345574	0.0
411.6409999990106	0.8878622960983622	0.0
411.6419999990106	0.8761637458592435	0.0
411.64299999901056	0.8628456065989178	0.0
411.64399999901053	0.8491573887214197	0.0
411.6449999990105	0.8366751020527081	0.0
411.6459999990105	0.8269502947711632	0.0
411.64699999901046	0.8210758098546107	0.0
411.64799999901044	0.8193355042057735	0.0
411.6489999990104	0.8211023013890384	0.0
411.6499999990104	0.8250538440821472	0.0
411.65099999901037	0.8296307299118504	0.0
411.65199999901034	0.8335495433564086	0.0
411.6529999990103	0.8361669217690458	0.0
411.6539999990103	0.837576194335601	0.0
411.6549999990103	0.8384471263039512	0.0
411.65599999901025	0.8397161658193917	0.0
411.6569999990102	0.8422579396751897	0.0
411.6579999990102	0.8466316022118777	0.0
411.6589999990102	0.8529418316315601	0.0
411.65999999901015	0.8608178779983858	0.0
411.66099999901013	0.8694986568245314	0.0
411.6619999990101	0.8780019486852235	0.0
411.6629999990101	0.8853412908173541	0.0
411.66399999901006	0.8907411577765494	0.0
411.66499999901004	0.8938011459671924	0.0
411.66599999901	0.894575141038183	0.0
411.66699999901	0.8935525300198428	0.0
411.66799999900996	0.8915463107095009	0.0
411.66899999900994	0.8895079444406844	0.0
411.6699999990099	0.888306628037617	0.0
411.6709999990099	0.8885294256201732	0.0
411.67199999900987	0.890364345436792	0.0
411.67299999900985	0.8936063514587419	0.0
411.6739999990098	0.8977788874268702	0.0
411.6749999990098	0.9023148517454903	0.0
411.6759999990098	0.9067208196656664	0.0
411.67699999900975	0.9106684401377737	0.0
411.6779999990097	0.9140016593786331	0.0
411.6789999990097	0.9166877577123975	0.0
411.6799999990097	0.9187530621905525	0.0
411.68099999900966	0.9202313537622676	0.0
411.68199999900963	0.9211310197155016	0.0
411.6829999990096	0.9214125864317262	0.0
411.6839999990096	0.9209674186646086	0.0
411.68499999900956	0.9195970868753216	0.0
411.68599999900954	0.9170040970911918	0.0
411.6869999990095	0.9128129178424655	0.0
411.6879999990095	0.9066411988363431	0.0
411.68899999900947	0.8982296356048939	0.0
411.68999999900944	0.887611685679669	0.0
411.6909999990094	0.8752671372902798	0.0
411.6919999990094	0.8621768209502546	0.0
411.6929999990094	0.8497075501126551	0.0
411.69399999900935	0.8393208089202678	0.0
411.6949999990093	0.8321941201810822	0.0
411.6959999990093	0.8289138069458096	0.0
411.6969999990093	0.8293847134701149	0.0
411.69799999900926	0.8329965595576334	0.0
411.69899999900923	0.8389463812628498	0.0
411.6999999990092	0.8465348341892954	0.0
411.7009999990092	0.8552889017264617	0.0
411.70199999900916	0.8648891973563739	0.0
411.70299999900914	0.8750051330783317	0.0
411.7039999990091	0.8851803232274476	0.0
411.7049999990091	0.894849041582577	0.0
411.70599999900907	0.9034615831490822	0.0
411.70699999900904	0.9106296657971394	0.0
411.707999999009	0.9162080992284086	0.0
411.708999999009	0.9202835313895535	0.0
411.70999999900897	0.9230964870651762	0.0
411.71099999900895	0.9249458273051026	0.0
411.7119999990089	0.9261141845003046	0.0
411.7129999990089	0.926828327192903	0.0
411.7139999990089	0.9272487517760314	0.0
411.71499999900885	0.927475242109506	0.0
411.71599999900883	0.9275567408708824	0.0
411.7169999990088	0.92749875863907	0.0
411.7179999990088	0.9272659612567349	0.0
411.71899999900876	0.9267808315563436	0.0
411.71999999900873	0.9259222284648904	0.0
411.7209999990087	0.9245306609330521	0.0
411.7219999990087	0.9224289162559901	0.0
411.72299999900866	0.9194648735330497	0.0
411.72399999900864	0.9155763050367645	0.0
411.7249999990086	0.9108669618399875	0.0
411.7259999990086	0.905669300125571	0.0
411.72699999900857	0.9005489898855552	0.0
411.72799999900855	0.8961893635544051	0.0
411.7289999990085	0.8931437477718982	0.0
411.7299999990085	0.8915940792279856	0.0
411.7309999990085	0.8913204949509943	0.0
411.73199999900845	0.8918930060396123	0.0
411.7329999990084	1e-10	0.0