waveobs	flux	err
432.80099999851024	1e-10	0.0
432.8019999985102	0.93282695415128	0.0
432.8029999985102	0.9291601134748372	0.0
432.80399999851016	0.9249030035065312	0.0
432.80499999851014	0.9202597766697311	0.0
432.8059999985101	0.9155739928842547	0.0
432.8069999985101	0.911227399684653	0.0
432.80799999851007	0.9075060174396318	0.0
432.80899999851005	0.9045370685680597	0.0
432.80999999851	0.9023218795528897	0.0
432.81099999851	0.9008009496915811	0.0
432.81199999851	0.8998946275400824	0.0
432.81299999850995	0.8995132256046622	0.0
432.8139999985099	0.8995551329252787	0.0
432.8149999985099	0.8999064715698234	0.0
432.8159999985099	0.900449330878044	0.0
432.81699999850986	0.9010751888304092	0.0
432.81799999850983	0.9016983911158933	0.0
432.8189999985098	0.902264119527045	0.0
432.8199999985098	0.9027482985118177	0.0
432.82099999850976	0.9031507259823389	0.0
432.82199999850974	0.9034851634376394	0.0
432.8229999985097	0.9037702017857777	0.0
432.8239999985097	0.9040230958655179	0.0
432.82499999850967	0.9042568484391768	0.0
432.82599999850964	0.9044796505450982	0.0
432.8269999985096	0.9046955355967027	0.0
432.8279999985096	0.9049054089385826	0.0
432.8289999985096	0.9051080347678332	0.0
432.82999999850955	0.9053008599510824	0.0
432.8309999985095	0.9054806895024643	0.0
432.8319999985095	0.9056442530359446	0.0
432.8329999985095	0.9057886765304943	0.0
432.83399999850946	0.9059118415679596	0.0
432.83499999850943	0.9060125983063702	0.0
432.8359999985094	0.9060908076800469	0.0
432.8369999985094	0.9061472187771558	0.0
432.83799999850936	0.9061832251771674	0.0
432.83899999850934	0.9062005717706304	0.0
432.8399999985093	0.9062010885298163	0.0
432.8409999985093	0.9061865079229962	0.0
432.84199999850927	0.9061583872201727	0.0
432.84299999850924	0.9061181205791695	0.0
432.8439999985092	0.9060670017291264	0.0
432.8449999985092	0.9060062925486361	0.0
432.84599999850917	0.9059372638078862	0.0
432.84699999850915	0.9058611939186259	0.0
432.8479999985091	0.9057793304709336	0.0
432.8489999985091	0.9056928310099	0.0
432.8499999985091	0.9056027017487346	0.0
432.85099999850905	0.9055097475687139	0.0
432.85199999850903	0.9054145377482413	0.0
432.852999998509	0.9053173836439795	0.0
432.853999998509	0.9052183201853548	0.0
432.85499999850896	0.9051170840638716	0.0
432.85599999850893	0.9050130875345448	0.0
432.8569999985089	0.904905395333787	0.0
432.8579999985089	0.9047927190518675	0.0
432.85899999850886	0.9046734437919504	0.0
432.85999999850884	0.9045456942069685	0.0
432.8609999985088	0.9044074343677028	0.0
432.8619999985088	0.9042565860419438	0.0
432.86299999850877	0.9040911494342921	0.0
432.86399999850875	0.9039093183517094	0.0
432.8649999985087	0.9037095886282165	0.0
432.8659999985087	0.9034908535219317	0.0
432.8669999985087	0.9032524611046857	0.0
432.86799999850865	0.902994189199183	0.0
432.8689999985086	0.9027160938629594	0.0
432.8699999985086	0.9024182217516592	0.0
432.8709999985086	0.9021002390534228	0.0
432.87199999850856	0.9017610908750548	0.0
432.87299999850853	0.9013988217966696	0.0
432.8739999985085	0.9010106245468444	0.0
432.8749999985085	0.9005930360760568	0.0
432.87599999850846	0.9001420158118822	0.0
432.87699999850844	0.8996525090996806	0.0
432.8779999985084	0.8991171133202484	0.0
432.8789999985084	0.898523673401198	0.0
432.87999999850837	0.8978520159676471	0.0
432.88099999850834	0.8970705103228185	0.0
432.8819999985083	0.8961336128934858	0.0
432.8829999985083	0.8949818672248028	0.0
432.8839999985083	0.8935457883324108	0.0
432.88499999850825	0.8917544220703579	0.0
432.8859999985082	0.8895480367660287	0.0
432.8869999985082	0.8868926454496583	0.0
432.8879999985082	0.8837925895859622	0.0
432.88899999850815	0.8802971227450386	0.0
432.88999999850813	0.876498303888104	0.0
432.8909999985081	0.8725201889864898	0.0
432.8919999985081	0.8685021620782327	0.0
432.89299999850806	0.8645809773849783	0.0
432.89399999850804	0.8608759910175576	0.0
432.894999998508	0.8574803920976514	0.0
432.895999998508	0.8544589427962022	0.0
432.89699999850797	0.8518508318787757	0.0
432.89799999850794	0.8496753277829621	0.0
432.8989999985079	0.8479379969613733	0.0
432.8999999985079	0.8466359591822128	0.0
432.90099999850787	0.8457615306366933	0.0
432.90199999850785	0.8453043317088885	0.0
432.9029999985078	0.8452523609364029	0.0
432.9039999985078	0.8455926425510133	0.0
432.9049999985078	0.8463118952380937	0.0
432.90599999850775	0.8473973386066938	0.0
432.90699999850773	0.8488373737605288	0.0
432.9079999985077	0.8506215734810495	0.0
432.9089999985077	0.8527393020126391	0.0
432.90999999850766	0.8551764287777557	0.0
432.91099999850763	0.8579100535916465	0.0
432.9119999985076	0.8609019257215618	0.0
432.9129999985076	0.8640921880270404	0.0
432.91399999850756	0.8673958578303501	0.0
432.91499999850754	0.8707045309976468	0.0
432.9159999985075	0.8738947272058932	0.0
432.9169999985075	0.8768421553299924	0.0
432.91799999850747	0.8794387516271859	0.0
432.91899999850745	0.8816078270971454	0.0
432.9199999985074	0.8833129629391918	0.0
432.9209999985074	0.884558408406521	0.0
432.9219999985074	0.8853816828611517	0.0
432.92299999850735	0.8858414850352464	0.0
432.9239999985073	0.8860048904926017	0.0
432.9249999985073	0.8859370731045785	0.0
432.9259999985073	0.8856950927307186	0.0
432.92699999850726	0.8853255874035455	0.0
432.92799999850723	0.8848651650528203	0.0
432.9289999985072	0.8843420658175543	0.0
432.9299999985072	0.8837780051546242	0.0
432.93099999850716	0.8831896210054905	0.0
432.93199999850714	0.8825893596247467	0.0
432.9329999985071	0.8819859522470651	0.0
432.9339999985071	0.8813846098329817	0.0
432.93499999850707	0.8807877457875429	0.0
432.93599999850704	0.8801969405193255	0.0
432.936999998507	0.8796167643412833	0.0
432.937999998507	0.8790588855037623	0.0
432.938999998507	0.8785422505822328	0.0
432.93999999850695	0.8780868122285259	0.0
432.9409999985069	0.8777050149157751	0.0
432.9419999985069	0.8773979920495056	0.0
433.1799999985013	0.8574918330933798	0.0
433.18099999850125	0.857475721087416	0.0
433.1819999985012	0.8574477155615048	0.0
433.1829999985012	0.8574023456491279	0.0
433.1839999985012	0.857334178883718	0.0
433.18499999850116	0.8572392726633374	0.0
433.18599999850113	0.8571160357264793	0.0
433.1869999985011	0.8569649959958868	0.0
433.1879999985011	0.8567879882057199	0.0
433.18899999850106	0.8565874583729489	0.0
433.18999999850104	0.8563660536974795	0.0
433.190999998501	0.8561263660642289	0.0
433.191999998501	0.8558707736359624	0.0
433.19299999850097	0.8556013612325684	0.0
433.19399999850094	0.8553199666031251	0.0
433.1949999985009	0.8550282891345169	0.0
433.1959999985009	0.8547280178013968	0.0
433.19699999850087	0.8544209452742517	0.0
433.19799999850085	0.8541090683946064	0.0
433.1989999985008	0.853794691206057	0.0
433.1999999985008	0.8534805316099771	0.0
433.2009999985008	0.8531697982609006	0.0
433.20199999850075	0.8528661788269903	0.0
433.20299999850073	0.8525736880905297	0.0
433.2039999985007	0.852296367476891	0.0
433.2049999985007	0.8520378869094186	0.0
433.20599999850066	0.8518011450752947	0.0
433.20699999850063	0.8515879705108216	0.0
433.2079999985006	0.8513989873232176	0.0
433.2089999985006	0.8512336435049419	0.0
433.20999999850056	0.8510903413248156	0.0
433.21099999850054	0.8509665913339459	0.0
433.2119999985005	0.8508591437475463	0.0
433.2129999985005	0.8507641096765576	0.0
433.21399999850047	0.8506771258698835	0.0
433.21499999850045	0.8505936055414037	0.0
433.2159999985004	0.8505090542610005	0.0
433.2169999985004	0.8504193496340585	0.0
433.2179999985004	0.8503208348014241	0.0
433.21899999850035	0.850210088240553	0.0
433.2199999985003	0.8500833020304238	0.0
433.2209999985003	0.8499353020126823	0.0
433.2219999985003	0.8497583548371407	0.0
433.22299999850026	0.8495410252646094	0.0
433.22399999850023	0.8492674688165134	0.0
433.2249999985002	0.848917628853219	0.0
433.2259999985002	0.8484687598799876	0.0
433.22699999850016	0.8478984210371915	0.0
433.22799999850014	0.8471885681473544	0.0
433.2289999985001	0.8463297799939966	0.0
433.2299999985001	0.845324280575723	0.0
433.23099999850007	0.8441865373939174	0.0
433.23199999850004	0.8429408870299322	0.0
433.2329999985	0.841616632222407	0.0
433.2339999985	0.8402419547595321	0.0
433.2349999985	0.838838424224788	0.0
433.23599999849995	0.8374177089823127	0.0
433.2369999984999	0.8359814200041463	0.0
433.2379999984999	0.8345240917193999	0.0
433.2389999984999	0.8330383992110983	0.0
433.23999999849985	0.831521064137104	0.0
433.24099999849983	0.8299776996638961	0.0
433.2419999984998	0.8284251833245752	0.0
433.2429999984998	0.8268909529034907	0.0
433.24399999849976	0.8254096182499002	0.0
433.24499999849974	0.8240180818028906	0.0
433.2459999984997	0.8227506490838504	0.0
433.2469999984997	0.8216353184459484	0.0
433.24799999849967	0.8206917711719999	0.0
433.24899999849964	0.819930889051871	0.0
433.2499999984996	0.8193552106701005	0.0
433.2509999984996	0.818959714721123	0.0
433.25199999849957	0.8187325891690919	0.0
433.25299999849955	0.8186559820857552	0.0
433.2539999984995	0.8187069237678282	0.0
433.2549999984995	0.8188585854058984	0.0
433.2559999984995	0.8190818743386633	0.0
433.25699999849945	0.8193471978175586	0.0
433.25799999849943	0.8196261374664278	0.0
433.2589999984994	0.8198927539258695	0.0
433.2599999984994	0.8201242520531858	0.0
433.26099999849936	0.8203008076023732	0.0
433.26199999849933	0.8204045529577247	0.0
433.2629999984993	0.8204180378546319	0.0
433.2639999984993	0.8203227766797975	0.0
433.26499999849926	0.8200985637104572	0.0
433.26599999849924	0.8197239966405769	0.0
433.2669999984992	0.8191782280914788	0.0
433.2679999984992	0.8184436160808926	0.0
433.26899999849917	0.8175088269489384	0.0
433.26999999849915	0.8163719962207395	0.0
433.2709999984991	0.8150435746309057	0.0
433.2719999984991	0.8135483601596558	0.0
433.2729999984991	0.8119260506829312	0.0
433.27399999849905	0.810229702417531	0.0
433.274999998499	0.8085219112261867	0.0
433.275999998499	0.8068692307281944	0.0
433.276999998499	0.8053359476511842	0.0
433.27799999849896	0.8039785087544075	0.0
433.27899999849893	0.8028415631683655	0.0
433.2799999984989	0.8019559952157599	0.0
433.2809999984989	0.8013388376147393	0.0
433.28199999849886	0.8009947687821045	0.0
433.28299999849884	0.8009189126870302	0.0
433.2839999984988	0.8011006156039089	0.0
433.2849999984988	0.8015276195133678	0.0
433.28599999849877	0.8021897073604318	0.0
433.28699999849874	0.8030807634335566	0.0
433.2879999984987	0.804198495442329	0.0
433.2889999984987	0.8055417492452899	0.0
433.2899999984987	0.807106116599501	0.0
433.29099999849865	0.8088790672511685	0.0
433.2919999984986	0.810835966810564	0.0
433.2929999984986	0.8129380884326848	0.0
433.2939999984986	0.8151331835978552	0.0
433.29499999849855	0.8173584511496943	0.0
433.29599999849853	0.819544996766728	0.0
433.2969999984985	0.8216223830820625	0.0
433.2979999984985	0.8235219413520319	0.0
433.29899999849846	0.8251782582976385	0.0
433.29999999849844	0.8265293835828104	0.0
433.3009999984984	0.8275172105618182	0.0
433.3019999984984	0.8280895706280823	0.0
433.30299999849836	0.8282046889779372	0.0
433.30399999849834	0.8278372176793077	0.0
433.3049999984983	0.8269839011240014	0.0
433.3059999984983	0.8256667228695378	0.0
433.30699999849827	0.8239322558477151	0.0
433.30799999849825	0.8218473799433355	0.0
433.3089999984982	0.819492734781615	0.0
433.3099999984982	0.8169556582846474	0.0
433.3109999984982	0.8143239099847049	0.0
433.31199999849815	0.8116806791069746	0.0
433.3129999984981	0.8091008068562183	0.0
433.3139999984981	0.8066480602085503	0.0
433.3149999984981	0.8043735053937888	0.0
433.31599999849806	0.8023151841943641	0.0
433.31699999849803	0.8004991794779589	0.0
433.317999998498	0.7989418310941184	0.0
433.318999998498	0.7976525571323151	0.0
433.31999999849796	0.796636633767129	0.0
433.32099999849794	0.7958974157005473	0.0
433.3219999984979	0.7954377340429759	0.0
433.3229999984979	0.7952604531750601	0.0
433.32399999849787	0.7953683120222373	0.0
433.32499999849784	0.7957631953052969	0.0
433.3259999984978	0.7964449106624721	0.0
433.3269999984978	0.797409462843759	0.0
433.3279999984978	0.7986468131593237	0.0
433.32899999849775	0.8001382707801155	0.0
433.3299999984977	0.8018539817429305	0.0
433.3309999984977	0.8037513287957262	0.0
433.3319999984977	0.8057751889166249	0.0
433.33299999849766	0.8078606976973707	0.0
433.33399999849763	0.8099384310884025	0.0
433.3349999984976	0.8119410253789563	0.0
433.3359999984976	0.8138096816883658	0.0
433.33699999849756	0.8154990812118157	0.0
433.33799999849754	0.8169799230477404	0.0
433.3389999984975	0.8182391619001074	0.0
433.3399999984975	0.8192785738675519	0.0
433.34099999849747	0.8201123126176069	0.0
433.34199999849744	0.8207638331797301	0.0
433.3429999984974	0.821262328751577	0.0
433.3439999984974	0.8216388581086636	0.0
433.34499999849737	0.82192254177272	0.0
433.34599999849735	0.8221373118270948	0.0
433.3469999984973	0.822299537123251	0.0
433.3479999984973	0.8224164539378584	0.0
433.3489999984973	0.822484907109163	0.0
433.34999999849725	0.822489650176148	0.0
433.35099999849723	0.8224004907671265	0.0
433.3519999984972	0.8221679680704165	0.0
433.3529999984972	0.8217180588087502	0.0
433.35399999849716	0.8209475881804056	0.0
433.35499999849714	0.8197232805952988	0.0
433.3559999984971	0.8178880525615365	0.0
433.3569999984971	0.8152773458795338	0.0
433.35799999849706	0.811745489070906	0.0
433.35899999849704	0.8071977637708486	0.0
433.359999998497	0.8016198232241569	0.0
433.360999998497	0.7950947231758009	0.0
433.36199999849697	0.787800570951303	0.0
433.36299999849695	0.7799880450180631	0.0
433.3639999984969	0.7719440456405916	0.0
433.3649999984969	0.7639521559992581	0.0
433.3659999984969	0.7562604737737201	0.0
433.36699999849685	0.7490632581439597	0.0
433.3679999984968	0.7424971866216487	0.0
433.3689999984968	0.7366485339866906	0.0
433.3699999984968	0.7315657349044031	0.0
433.37099999849676	0.7272724033619256	0.0
433.37199999849673	0.7237777870202445	0.0
433.3729999984967	0.7210836043714337	0.0
433.3739999984967	0.7191875521270107	0.0
433.37499999849666	0.7180843810911112	0.0
433.37599999849664	0.7177655583543344	0.0
433.3769999984966	0.7182184348483581	0.0
433.3779999984966	0.7194256424081954	0.0
433.37899999849657	0.7213650898309016	0.0
433.37999999849654	0.7240102752136096	0.0
433.3809999984965	0.7273296950037379	0.0
433.3819999984965	0.7312832870766656	0.0
433.3829999984965	0.7358138336206049	0.0
433.38399999849645	0.7408327835481332	0.0
433.3849999984964	0.7462030715722372	0.0
433.3859999984964	0.7517250967532229	0.0
433.3869999984964	0.7571340306174791	0.0
433.38799999849635	0.7621151379769542	0.0
433.38899999849633	0.7663384000319133	0.0
433.3899999984963	0.7695062398940123	0.0
433.3909999984963	0.7714019658384126	0.0
433.39199999849626	0.771924871266805	0.0
433.39299999849624	0.7711019000578282	0.0
433.3939999984962	0.7690737367376875	0.0
433.3949999984962	0.766061536476498	0.0
433.39599999849617	0.7623257249207459	0.0
433.39699999849614	0.7581286290836579	0.0
433.3979999984961	0.75370881235159	0.0
433.3989999984961	0.7492692438455414	0.0
433.39999999849607	0.7449765037489351	0.0
433.40099999849605	0.740965829810219	0.0
433.401999998496	0.7373471529590081	0.0
433.402999998496	0.7342093043165349	0.0
433.403999998496	0.7316218132937821	0.0
433.40499999849595	0.7296350934719374	0.0
433.40599999849593	0.7282801222879259	0.0
433.4069999984959	0.7275684313575255	0.0
433.4079999984959	0.727492926119526	0.0
433.40899999849586	0.7280299758555469	0.0
433.40999999849583	0.7291431472766557	0.0
433.4109999984958	0.7307885544052896	0.0
433.4119999984958	0.7329209928934777	0.0
433.41299999849576	0.7354991778659767	0.0
433.41399999849574	0.7384880909094927	0.0
433.4149999984957	0.7418570508824855	0.0
433.4159999984957	0.7455735567228368	0.0
433.41699999849567	0.7495946604232491	0.0
433.41799999849565	0.753858906528814	0.0
433.4189999984956	0.758282160910278	0.0
433.4199999984956	0.7627597143654801	0.0
433.4209999984956	0.7671750624819561	0.0
433.42199999849555	0.7714133514948027	0.0
433.4229999984955	0.7753756035739311	0.0
433.4239999984955	0.7789894302284401	0.0
433.4249999984955	0.7822133575366668	0.0
433.42599999849546	0.7850345167075293	0.0
433.42699999849543	0.7874619624195512	0.0
433.4279999984954	0.7895189884912333	0.0
433.4289999984954	0.7912371100677321	0.0
433.42999999849536	0.7926525714685614	0.0
433.43099999849534	0.7938045722375531	0.0
433.4319999984953	0.7947338027027451	0.0
433.4329999984953	0.7954803957075396	0.0
433.43399999849527	0.7960813693741423	0.0
433.43499999849524	0.7965682904017664	0.0
433.4359999984952	0.7969658865019189	0.0
433.4369999984952	0.7972918539081764	0.0
433.4379999984952	0.7975575559232653	0.0
433.43899999849515	0.7977690174768172	0.0
433.4399999984951	0.7979276796489597	0.0
433.4409999984951	0.7980306883357146	0.0
433.4419999984951	0.7980708784344052	0.0
433.44299999849505	0.7980369103656275	0.0
433.44399999849503	0.7979140924287323	0.0
433.444999998495	0.7976862242914486	0.0
433.445999998495	0.7973383760487022	0.0
433.44699999849496	0.7968600461375327	0.0
433.44799999849494	0.7962478526468846	0.0
433.4489999984949	0.7955069728402271	0.0
433.4499999984949	0.7946509420359489	0.0
433.45099999849486	0.7936999575780025	0.0
433.45199999849484	0.7926782460223593	0.0
433.4529999984948	0.7916111806678827	0.0
433.4539999984948	0.7905227009054551	0.0
433.45499999849477	0.789433333561589	0.0
433.45599999849475	0.7883589059754442	0.0
433.4569999984947	0.7873099399964844	0.0
433.4579999984947	0.7862916966301626	0.0
433.4589999984947	0.7853048317335807	0.0
433.45999999849465	0.784346574970557	0.0
433.46099999849463	0.7834122592783208	0.0
433.4619999984946	0.7824969473471729	0.0
433.4629999984946	0.7815968711292607	0.0
433.46399999849456	0.7807104404411974	0.0
433.46499999849453	0.7798386691536714	0.0
433.4659999984945	0.7789849656718469	0.0
433.4669999984945	0.7781542914419853	0.0
433.46799999849446	0.7773516936267183	0.0
433.46899999849444	0.7765802074959461	0.0
433.4699999984944	0.7758381877599704	0.0
433.4709999984944	0.7751163495537337	0.0
433.47199999849437	0.7743951813837185	0.0
433.47299999849434	0.7736437908532873	0.0
433.4739999984943	0.7728213816523289	0.0
433.4749999984943	0.7718821545354317	0.0
433.4759999984943	0.7707834020176599	0.0
433.47699999849425	0.7694952235700745	0.0
433.4779999984942	0.7680092413521693	0.0
433.4789999984942	0.7663435701850124	0.0
433.4799999984942	0.7645423177601248	0.0
433.48099999849416	0.7626696845914311	0.0
433.48199999849413	0.760800484887003	0.0
433.4829999984941	0.7590098326823538	0.0
433.4839999984941	0.7573645162505896	0.0
433.48499999849406	0.7559175024400882	0.0
433.48599999849404	0.7547057126412376	0.0
433.486999998494	0.7537502805688451	0.0
433.487999998494	0.7530581807226985	0.0
433.48899999849397	0.75262428346036	0.0
433.48999999849394	0.7524332549623964	0.0
433.4909999984939	0.7524610367507873	0.0
433.4919999984939	0.752675832242127	0.0
433.4929999984939	0.7530386585859767	0.0
433.49399999849385	0.7535036914870511	0.0
433.4949999984938	0.7540188761186404	0.0
433.4959999984938	0.7545275117575596	0.0
433.4969999984938	0.7549715399301306	0.0
433.49799999849375	0.7552968600471573	0.0
433.49899999849373	0.7554601104239373	0.0
433.4999999984937	0.7554352594286552	0.0
433.5009999984937	0.7552176404564805	0.0
433.50199999849366	0.7548233575172293	0.0
433.50299999849364	0.754283486948947	0.0
433.5039999984936	0.7536346802172207	0.0
433.5049999984936	0.7529095340709718	0.0
433.50599999849356	0.752130384667487	0.0
433.50699999849354	0.751308700994577	0.0
433.5079999984935	0.750449723106201	0.0
433.5089999984935	0.7495597516082585	0.0
433.50999999849347	0.7486526749517349	0.0
433.51099999849345	0.747753173071394	0.0
433.5119999984934	0.7468958810071433	0.0
433.5129999984934	0.7461215538082405	0.0
433.5139999984934	0.7454721449192656	0.0
433.51499999849335	0.7449865462463183	0.0
433.5159999984933	0.744697938358283	0.0
433.5169999984933	0.7446328242949345	0.0
433.5179999984933	0.7448112457777344	0.0
433.51899999849326	0.745247484394758	0.0
433.51999999849323	0.7459506118043315	0.0
433.5209999984932	0.7469244156649517	0.0
433.5219999984932	0.7481664055475344	0.0
433.52299999849316	0.7496657990196431	0.0
433.52399999849314	0.7514006583549192	0.0
433.5249999984931	0.753334735791095	0.0
433.5259999984931	0.7554150432839699	0.0
433.52699999849307	0.7575715042708734	0.0
433.52799999849304	0.7597199808961314	0.0
433.528999998493	0.7617692729265528	0.0
433.529999998493	0.7636314105179184	0.0
433.530999998493	0.7652331594971806	0.0
433.53199999849295	0.7665258051835196	0.0
433.5329999984929	0.7674905073957485	0.0
433.5339999984929	0.7681378408475785	0.0
433.5349999984929	0.7685019935903581	0.0
433.53599999849285	0.7686316658706729	0.0
433.53699999849283	0.7685803652104342	0.0
433.5379999984928	0.7683984122176197	0.0
433.5389999984928	0.7681279232773817	0.0
433.53999999849276	0.7678008872586909	0.0
433.54099999849274	0.7674396440257171	0.0
433.5419999984927	0.7670587537978943	0.0
433.5429999984927	0.766667321696592	0.0
433.54399999849267	0.7662711167494896	0.0
433.54499999849264	0.7658741355745095	0.0
433.5459999984926	0.7654795205838867	0.0
433.5469999984926	0.7650899220807703	0.0
433.54799999849257	0.7647074916652467	0.0
433.54899999849255	0.7643337204791203	0.0
433.5499999984925	0.763969306358669	0.0
433.5509999984925	0.7636141684654105	0.0
433.5519999984925	0.7632676444035774	0.0
433.55299999849245	0.7629288196674862	0.0
433.55399999849243	0.7625968722273643	0.0
433.5549999984924	0.7622712898010766	0.0
433.5559999984924	0.7619518511862607	0.0
433.55699999849236	0.7616383519342682	0.0
433.55799999849233	0.7613301675506045	0.0
433.5589999984923	0.7610258368223256	0.0
433.5599999984923	0.7607228707770983	0.0
433.56099999849226	0.7604179298090873	0.0
433.56199999849224	0.7601073774014637	0.0
433.5629999984922	0.7597880618602098	0.0
433.5639999984922	0.7594580648384043	0.0
433.56499999849217	0.7591171444322679	0.0
433.56599999849215	0.7587667053623389	0.0
433.5669999984921	0.758409305541663	0.0
433.5679999984921	0.7580478762230731	0.0
433.5689999984921	0.7576849195982053	0.0
433.56999999849205	0.7573219283026154	0.0
433.570999998492	0.7569591727936312	0.0
433.571999998492	0.7565958766945899	0.0
433.572999998492	0.7562306908658745	0.0
433.57399999849196	0.7558623063736535	0.0
433.57499999849193	0.7554900212966683	0.0
433.5759999984919	0.7551140982398811	0.0
433.5769999984919	0.7547358168411815	0.0
433.57799999849186	0.7543572252066146	0.0
433.57899999849184	0.753980695400735	0.0
433.5799999984918	0.7536084502858527	0.0
433.5809999984918	0.753242222137564	0.0
433.58199999849177	0.7528831284688143	0.0
433.58299999849174	0.7525317435816626	0.0
433.5839999984917	0.7521882592902727	0.0
433.5849999984917	0.7518526059439327	0.0
433.5859999984917	0.7515244502663396	0.0
433.58699999849165	0.7512030684940919	0.0
433.5879999984916	0.7508871667323426	0.0
433.5889999984916	0.750574753304342	0.0
433.5899999984916	0.7502631542246694	0.0
433.59099999849155	0.7499492168569474	0.0
433.59199999849153	0.7496296877557915	0.0
433.5929999984915	0.7493016942097991	0.0
433.5939999984915	0.748963217289748	0.0
433.59499999849146	0.7486134291738495	0.0
433.59599999849144	0.748252788245305	0.0
433.5969999984914	0.7478828405344322	0.0
433.5979999984914	0.7475057495001957	0.0
433.59899999849137	0.7471236432509	0.0
433.59999999849134	0.7467379086282729	0.0
433.6009999984913	0.7463485687391352	0.0
433.6019999984913	0.74595386184197	0.0
433.60299999849127	0.7455501067736174	0.0
433.60399999849125	0.7451318995158863	0.0
433.6049999984912	0.7446926350357482	0.0
433.6059999984912	0.7442252855195953	0.0
433.6069999984912	0.7437232991728925	0.0
433.60799999849115	0.7431814373988388	0.0
433.60899999849113	0.7425963717112374	0.0
433.6099999984911	0.741966927077064	0.0
433.6109999984911	0.7412939646582544	0.0
433.61199999849106	0.740579998068773	0.0
433.61299999849103	0.7398288090179272	0.0
433.613999998491	0.7390451358921843	0.0
433.614999998491	0.7382353023526703	0.0
433.61599999849096	0.7374093301315535	0.0
433.61699999849094	0.7365847645606993	0.0
433.6179999984909	0.7357895696368804	0.0
433.6189999984909	0.7350588377155499	0.0
433.61999999849087	0.7344237877486532	0.0
433.62099999849084	0.7339004599977386	0.0
433.6219999984908	0.7334869136719931	0.0
434.1439999984785	0.48276817720046156	0.0
434.14499999847845	0.4832130639177043	0.0
434.14599999847843	0.48377931086385173	0.0
434.1469999984784	0.4844704107826555	0.0
434.1479999984784	0.48527034499423	0.0
434.14899999847836	0.4861466978575048	0.0
434.14999999847834	0.4870636523056084	0.0
434.1509999984783	0.4879950921198304	0.0
434.1519999984783	0.4889289935558171	0.0
434.15299999847826	0.4898641938630552	0.0
434.15399999847824	0.4908052841790143	0.0
434.1549999984782	0.491758877351734	0.0
434.1559999984782	0.49273137995486177	0.0
434.15699999847817	0.49372798879415564	0.0
434.15799999847815	0.4947521625805397	0.0
434.1589999984781	0.4958056376618487	0.0
434.1599999984781	0.496888744810016	0.0
434.1609999984781	0.49800088559511557	0.0
434.16199999847805	0.49914106679618675	0.0
434.162999998478	0.5003084634565341	0.0
434.163999998478	0.5015030199491476	0.0
434.164999998478	0.5027260595257811	0.0
434.16599999847796	0.5039807740748715	0.0
434.16699999847793	0.5052723835968301	0.0
434.1679999984779	0.5066077716359759	0.0
434.1689999984779	0.5079945425764523	0.0
434.16999999847786	0.5094396503881023	0.0
434.17099999847784	0.5109479114586993	0.0
434.1719999984778	0.5125207563409259	0.0
434.1729999984778	0.514155489021258	0.0
434.17399999847777	0.515845166079084	0.0
434.17499999847774	0.5175790583929646	0.0
434.1759999984777	0.5193435627952323	0.0
434.1769999984777	0.5211233948495304	0.0
434.1779999984777	0.5229028942602485	0.0
434.17899999847765	0.5246672871263277	0.0
434.1799999984776	0.5264037632647136	0.0
434.1809999984776	0.528102244191295	0.0
434.1819999984776	0.5297557460078905	0.0
434.18299999847756	0.531360289743936	0.0
434.18399999847753	0.5329143855947067	0.0
434.1849999984775	0.5344182148146926	0.0
434.1859999984775	0.5358727323081643	0.0
434.18699999847746	0.5372789671955868	0.0
434.18799999847744	0.5386377511169921	0.0
434.1889999984774	0.5399499304688412	0.0
434.1899999984774	0.5412168705027631	0.0
434.19099999847737	0.5424408631988665	0.0
434.19199999847734	0.5436250421620084	0.0
434.1929999984773	0.5447726281732155	0.0
434.1939999984773	0.5458856726194921	0.0
434.1949999984773	0.5469637350886601	0.0
434.19599999847725	0.5480029751412994	0.0
434.1969999984772	0.5489959645675889	0.0
434.1979999984772	0.549932286335756	0.0
434.1989999984772	0.5507998386681812	0.0
434.19999999847715	0.5515867368311317	0.0
434.20099999847713	0.5522836888140372	0.0
434.2019999984771	0.5528865861042792	0.0
434.2029999984771	0.5533988056738024	0.0
434.20399999847706	0.5538325408208734	0.0
434.20499999847704	0.55420857903795	0.0
434.205999998477	0.5545543803137409	0.0
434.206999998477	0.5549008961613594	0.0
434.20799999847696	0.5552789966210601	0.0
434.20899999847694	0.5557164164296879	0.0
434.2099999984769	0.5562358033668328	0.0
434.2109999984769	0.5568539622944009	0.0
434.21199999847687	0.5575819868389545	0.0
434.21299999847685	0.5584257995665584	0.0
434.2139999984768	0.5593866824738412	0.0
434.2149999984768	0.5604615893475997	0.0
434.2159999984768	0.5616432876563845	0.0
434.21699999847675	0.5629205857276026	0.0
434.2179999984767	0.5642789776165776	0.0
434.2189999984767	0.5657019290674714	0.0
434.2199999984767	0.5671727499533916	0.0
434.22099999847666	0.5686766652607118	0.0
434.22199999847663	0.5702024814019301	0.0
434.2229999984766	0.5717432806826411	0.0
434.2239999984766	0.5732958635298127	0.0
434.22499999847656	0.5748590559536095	0.0
434.22599999847654	0.5764313274505949	0.0
434.2269999984765	0.5780083211782308	0.0
434.2279999984765	0.5795809046485532	0.0
434.22899999847647	0.5811342788420444	0.0
434.22999999847644	0.5826485561859538	0.0
434.2309999984764	0.5841009688584125	0.0
434.2319999984764	0.5854694401876672	0.0
434.2329999984764	0.5867367233297424	0.0
434.23399999847635	0.5878939308396622	0.0
434.2349999984763	0.5889423208743245	0.0
434.2359999984763	0.5898927526748102	0.0
434.2369999984763	0.5907630578725968	0.0
434.23799999847625	0.5915742919967107	0.0
434.23899999847623	0.5923470993050742	0.0
434.2399999984762	0.5930991763714707	0.0
434.2409999984762	0.5938442531542762	0.0
434.24199999847616	0.5945924241403114	0.0
434.24299999847614	0.5953512812602081	0.0
434.2439999984761	0.5961271983810016	0.0
434.2449999984761	0.5969262465545222	0.0
434.24599999847607	0.5977544773393239	0.0
434.24699999847604	0.5986175902869666	0.0
434.247999998476	0.5995202114107083	0.0
434.248999998476	0.6004651000847209	0.0
434.24999999847597	0.6014525690314595	0.0
434.25099999847595	0.6024802867707342	0.0
434.2519999984759	0.6035434941671787	0.0
434.2529999984759	0.6046355545937887	0.0
434.2539999984759	0.6057486907554042	0.0
434.25499999847585	0.6068747382889546	0.0
434.25599999847583	0.6080057594524658	0.0
434.2569999984758	0.6091344074370427	0.0
434.2579999984758	0.610254012502294	0.0
434.25899999847576	0.6113584625503038	0.0
434.25999999847573	0.6124419090763276	0.0
434.2609999984757	0.6134985815019397	0.0
434.2619999984757	0.6145220345141694	0.0
434.26299999847566	0.6155034542141511	0.0
434.26399999847564	0.6164287943392873	0.0
434.2649999984756	0.6172770383070918	0.0
434.2659999984756	0.6180237732622939	0.0
434.26699999847557	0.6186505266888204	0.0
434.26799999847555	0.619153052998872	0.0
434.2689999984755	0.6195418287938197	0.0
434.5069999984699	0.7235825465036293	0.0
434.50799999846987	0.7248561562462779	0.0
434.50899999846985	0.7264553462823826	0.0
434.5099999984698	0.7283707390625387	0.0
434.5109999984698	0.730527300089155	0.0
434.5119999984698	0.7327917636793907	0.0
434.51299999846975	0.7350091412701346	0.0
434.5139999984697	0.7370409176137652	0.0
434.5149999984697	0.7387812606320192	0.0
434.5159999984697	0.7401555280004556	0.0
434.51699999846966	0.7411165560509579	0.0
434.51799999846963	0.7416450294230365	0.0
434.5189999984696	0.7417509336730937	0.0
434.5199999984696	0.7414727914398861	0.0
434.52099999846956	0.7408723554183864	0.0
434.52199999846954	0.7400263609397703	0.0
434.5229999984695	0.7390173117264126	0.0
434.5239999984695	0.7379254508256985	0.0
434.52499999846947	0.7368231786961777	0.0
434.52599999846944	0.7357721330103641	0.0
434.5269999984694	0.7348224337170716	0.0
434.5279999984694	0.7340133715521928	0.0
434.5289999984694	0.7333749142089461	0.0
434.52999999846935	0.7329295738057555	0.0
434.5309999984693	0.7326942902050408	0.0
434.5319999984693	0.7326820517756856	0.0
434.5329999984693	0.7329030619850904	0.0
434.53399999846926	0.733365383858825	0.0
434.53499999846923	0.734075110397036	0.0
434.5359999984692	0.7350361596262323	0.0
434.5369999984692	0.736249757190668	0.0
434.53799999846916	0.7377135785681812	0.0
434.53899999846914	0.7394204445144213	0.0
434.5399999984691	0.7413564731711438	0.0
434.5409999984691	0.7434987474713667	0.0
434.54199999846907	0.7458128656815749	0.0
434.54299999846904	0.7482511335088378	0.0
434.543999998469	0.7507524553419211	0.0
434.544999998469	0.7532449515586039	0.0
434.545999998469	0.7556517836693188	0.0
434.54699999846895	0.7578996458206598	0.0
434.5479999984689	0.7599282307075178	0.0
434.5489999984689	0.7616982556531089	0.0
434.5499999984689	0.7631957943814729	0.0
434.55099999846885	0.7644317423552952	0.0
434.55199999846883	0.765436799044865	0.0
434.5529999984688	0.7662536809835333	0.0
434.5539999984688	0.7669288389268383	0.0
434.55499999846876	0.7675056316171003	0.0
434.55599999846874	0.7680200255870261	0.0
434.5569999984687	0.7684989334268378	0.0
434.5579999984687	0.7689606374294857	0.0
434.55899999846866	0.7694164781767602	0.0
434.55999999846864	0.7698729497735843	0.0
434.5609999984686	0.7703336438540889	0.0
434.5619999984686	0.7708001831536672	0.0
434.56299999846857	0.7712716496741455	0.0
434.56399999846855	0.7717423149927453	0.0
434.5649999984685	0.7721993455760082	0.0
434.5659999984685	0.7726239939228525	0.0
434.5669999984685	0.7729978251832489	0.0
434.56799999846845	0.7733099470561579	0.0
434.5689999984684	0.7735596491999163	0.0
434.72799999846467	0.814917156817775	0.0
434.72899999846464	0.8150861024574689	0.0
434.7299999984646	0.8152704386728857	0.0
434.7309999984646	0.8154456127348569	0.0
434.7319999984646	0.8155725867701442	0.0
434.73299999846455	0.8156054238776217	0.0
434.7339999984645	0.8155041212839881	0.0
434.7349999984645	0.815244454236453	0.0
434.7359999984645	0.8148202446863259	0.0
434.73699999846446	0.814240449888449	0.0
434.73799999846443	0.8135249940389794	0.0
434.7389999984644	0.8127010040604982	0.0
434.7399999984644	0.811799617646382	0.0
434.74099999846436	0.8108532788225529	0.0
434.74199999846434	0.8098935897364988	0.0
434.7429999984643	0.8089497919908555	0.0
434.7439999984643	0.8080479587915861	0.0
434.74499999846427	0.8072109089042547	0.0
434.74599999846424	0.8064586928953261	0.0
434.7469999984642	0.8058093252588951	0.0
434.7479999984642	0.805279371357492	0.0
434.74899999846417	0.8048841155361249	0.0
434.74999999846415	0.804637277831923	0.0
434.7509999984641	0.8045504635807595	0.0
434.7519999984641	0.8046325908998103	0.0
434.7529999984641	0.8048894104344986	0.0
434.75399999846405	0.8053229771204935	0.0
434.75499999846403	0.8059306727325798	0.0
434.755999998464	0.8067032250106523	0.0
434.756999998464	0.8076212126294391	0.0
434.75799999846396	0.8086498450589013	0.0
434.75899999846393	0.8097323773966731	0.0
434.7599999984639	0.8107832908936295	0.0
434.7609999984639	0.8116831466388635	0.0
434.76199999846386	0.8122775069165092	0.0
434.76299999846384	0.8123822122904792	0.0
434.7639999984638	0.8117964226402776	0.0
434.7649999984638	0.8103232251975672	0.0
434.76599999846377	0.8077955827668373	0.0
434.76699999846375	0.8041034371728347	0.0
434.7679999984637	0.7992164856377132	0.0
434.7689999984637	0.793197070932791	0.0
434.7699999984637	0.7861991326019782	0.0
434.77099999846365	0.7784521826252085	0.0
434.7719999984636	0.7702330796641966	0.0
434.7729999984636	0.7618317080661899	0.0
434.7739999984636	0.753518204980747	0.0
434.77499999846356	0.7455184752197327	0.0
434.77599999846353	0.7380018189356622	0.0
434.7769999984635	0.7310808489110447	0.0
434.7779999984635	0.7248209047025913	0.0
434.77899999846346	0.7192547256753659	0.0
434.77999999846344	0.7143982384254248	0.0
434.7809999984634	0.7102643724503136	0.0
434.7819999984634	0.7068731502074166	0.0
434.78299999846337	0.7042574404539454	0.0
434.78399999846334	0.7024645445649541	0.0
434.7849999984633	0.7015542065498845	0.0
434.7859999984633	0.701593760063497	0.0
434.7869999984633	0.702651037265115	0.0
434.78799999846325	0.7047854883343229	0.0
434.7889999984632	0.7080378481797375	0.0
434.7899999984632	0.7124187828650179	0.0
434.7909999984632	0.7178973454959375	0.0
434.79199999846315	0.7243907550955527	0.0
434.79299999846313	0.7317577905930316	0.0
434.7939999984631	0.7397985724825912	0.0
434.7949999984631	0.7482632014448438	0.0
434.79599999846306	0.7568703101612299	0.0
434.79699999846304	0.7653341614142808	0.0
434.797999998463	0.7733961273794534	0.0
434.798999998463	0.7808542388801941	0.0
434.79999999846297	0.787584031540351	0.0
434.80099999846294	0.7935456596263198	0.0
434.8019999984629	0.7987758124987868	0.0
434.8029999984629	0.8033670921806811	0.0
434.80399999846287	0.8074406149529179	0.0
434.80499999846285	0.8111185849804998	0.0
434.8059999984628	0.8145023635523956	0.0
434.8069999984628	0.817658979281693	0.0
434.8079999984628	0.8206163252407039	0.0
434.80899999846275	0.8233654176817489	0.0
434.80999999846273	0.8258673669865875	0.0
434.8109999984627	0.8280628994193773	0.0
434.8119999984627	0.8298828837257858	0.0
434.81299999846266	0.8312589078619765	0.0
434.81399999846263	0.8321332464787383	0.0
434.8149999984626	0.8324675110479519	0.0
434.8159999984626	0.8322490450817707	0.0
434.81699999846256	0.8314940176246612	0.0
434.81799999846254	0.8302464641717643	0.0
434.8189999984625	0.8285733061066355	0.0
434.8199999984625	0.8265564185823521	0.0
434.82099999846247	0.8242836586100882	0.0
434.82199999846245	0.8218409848142864	0.0
434.8229999984624	0.8193072589701377	0.0
434.8239999984624	0.8167522494473869	0.0
434.8249999984624	0.8142372308253631	0.0
434.82599999846235	0.811816858791694	0.0
434.8269999984623	0.8095409351979442	0.0
434.8279999984623	0.8074551873700828	0.0
434.8289999984623	0.8056009431733753	0.0
434.82999999846226	0.8040142026724428	0.0
434.83099999846223	0.8027248381727726	0.0
434.8319999984622	0.8017564778330905	0.0
434.8329999984622	0.8011272133375008	0.0
434.83399999846216	0.8008508502709448	0.0
434.83499999846214	0.8009381632130501	0.0
434.8359999984621	0.8013975834087376	0.0
434.8369999984621	0.8022348914133952	0.0
434.83799999846207	0.8034517253775534	0.0
434.83899999846204	0.8050429863926006	0.0
434.839999998462	0.8069935133000575	0.0
434.840999998462	0.809274711309111	0.0
434.841999998462	0.8118420986307483	0.0
434.84299999846195	0.8146348460032325	0.0
434.8439999984619	0.8175781581474107	0.0
434.8449999984619	0.8205887063757082	0.0
434.8459999984619	0.8235823906901754	0.0
434.84699999846185	0.8264828224735805	0.0
434.84799999846183	0.8292284907422681	0.0
434.8489999984618	0.8317768764531458	0.0
434.8499999984618	0.8341047521110205	0.0
434.85099999846176	0.8362051538949885	0.0
434.85199999846174	0.8380825036780635	0.0
434.8529999984617	0.839747684933782	0.0
434.8539999984617	0.8412144649647628	0.0
434.85499999846166	0.8424977762444376	0.0
434.85599999846164	0.8436134779544262	0.0
434.8569999984616	0.8445787154599241	0.0
434.8579999984616	0.8454120313401707	0.0
434.85899999846157	0.8461328147306716	0.0
434.85999999846155	0.8467601930133282	0.0
434.8609999984615	0.847311784460744	0.0
434.8619999984615	0.8478027270614921	0.0
434.8629999984615	0.8482451516804311	0.0
434.86399999846145	0.8486479506647794	0.0
434.8649999984614	0.8490164611435752	0.0
434.8659999984614	0.8493516008124063	0.0
434.8669999984614	0.8496480405065103	0.0
434.86799999846136	0.84989111924109	0.0
434.86899999846133	0.8500523879980199	0.0
434.8699999984613	0.8500839667410895	0.0
434.8709999984613	0.8499124177912013	0.0
434.87199999846126	0.8494336190137671	0.0
434.87299999846124	0.8485109959959167	0.0
434.8739999984612	0.8469799909802315	0.0
434.8749999984612	0.8446611899062065	0.0
434.87599999846117	0.8413826722713279	0.0
434.87699999846114	0.8370090892701783	0.0
434.8779999984611	0.8314717192746689	0.0
434.8789999984611	0.8247918002964227	0.0
434.8799999984611	0.8170900493727311	0.0
434.88099999846105	0.8085786622545125	0.0
434.881999998461	0.7995371198573742	0.0
434.882999998461	0.7902778162487536	0.0
434.883999998461	0.7811099967390834	0.0
434.88499999846096	0.772309939058562	0.0
434.88599999846093	0.7641022944798925	0.0
434.8869999984609	0.7566535710554133	0.0
434.8879999984609	0.7500755387672624	0.0
434.88899999846086	0.7444348205806934	0.0
434.88999999846084	0.7397650600559346	0.0
434.8909999984608	0.7360790845035506	0.0
434.8919999984608	0.7333795821843516	0.0
434.89299999846077	0.731667527677003	0.0
434.89399999846074	0.730947924859972	0.0
434.8949999984607	0.7312326314190417	0.0
434.8959999984607	0.7325402684034121	0.0
434.89699999846067	0.7348934828925497	0.0
434.89799999846065	0.7383139501196225	0.0
434.8989999984606	0.7428153558645837	0.0
434.8999999984606	0.7483943207996598	0.0
434.9009999984606	0.7550192049127172	0.0
434.90199999846055	0.7626173730727877	0.0
434.90299999846053	0.7710628824242266	0.0
434.9039999984605	0.7801681629704659	0.0
434.9049999984605	0.7896841354483378	0.0
434.90599999846046	0.7993123906938661	0.0
434.90699999846044	0.808730226570072	0.0
434.9079999984604	0.8176252252636466	0.0
434.9089999984604	0.825732267505654	0.0
434.90999999846036	0.8328641856840114	0.0
434.91099999846034	0.8389286206117323	0.0
434.9119999984603	0.8439276566143317	0.0
434.9129999984603	0.8479418501806483	0.0
434.91399999846027	0.8511043273263598	0.0
434.91499999846025	0.8535722763186242	0.0
434.9159999984602	0.8555021821777893	0.0
434.9169999984602	0.8570324716791252	0.0
434.9179999984602	0.8582743083184994	0.0
434.91899999846015	0.8593092389983977	0.0
434.9199999984601	0.8601916099905246	0.0
434.9209999984601	0.8609537967241234	0.0
434.9219999984601	0.8616127302533411	0.0
434.92299999846006	0.8621765395499773	0.0
434.92399999846003	0.8626503088854125	0.0
434.92499999846	0.8630401544396914	0.0
434.92599999846	0.8633552145062309	0.0
434.92699999845996	0.8636076901254879	0.0
434.92799999845994	0.8638115608734833	0.0
434.9289999984599	0.86398081885844	0.0
434.9299999984599	0.8641279480201607	0.0
434.93099999845987	0.8642630411604948	0.0
434.93199999845984	0.8643935910142085	0.0
434.9329999984598	0.864524763444964	0.0
434.9339999984598	0.8646598985289893	0.0
434.9349999984598	0.8648010382534566	0.0
434.93599999845975	0.8649493713291404	0.0
434.9369999984597	0.8651055621973676	0.0
434.9379999984597	0.865269974159451	0.0
434.9389999984597	0.8654428110809391	0.0
434.93999999845965	0.8656242010423326	0.0
434.94099999845963	0.8658142385594838	0.0
434.9419999984596	0.866012994452242	0.0
434.9429999984596	0.8662204958321309	0.0
434.94399999845956	0.8664366739313388	0.0
434.94499999845954	0.8666612757847268	0.0
434.9459999984595	0.8668937383485044	0.0
434.9469999984595	0.8671330308620727	0.0
434.94799999845947	0.8673774812903869	0.0
434.94899999845944	0.8676246103394109	0.0
434.9499999984594	0.8678709935898485	0.0
434.9509999984594	0.8681121504429541	0.0
434.95199999845937	0.8683424154028518	0.0
434.95299999845935	0.8685546933941843	0.0
434.9539999984593	0.8687399650650988	0.0
434.9549999984593	0.868886434117922	0.0
434.9559999984593	0.8689783387512464	0.0
434.95699999845925	0.8689946927551796	0.0
434.95799999845923	0.8689085213717507	0.0
434.9589999984592	0.8686873754669544	0.0
434.9599999984592	0.8682958620360312	0.0
434.96099999845916	0.8677004825915385	0.0
434.96199999845913	0.8668762513801256	0.0
434.9629999984591	0.8658136380511307	0.0
434.9639999984591	0.8645237881183219	0.0
434.96499999845906	0.863040125766323	0.0
434.96599999845904	0.8614154342269481	0.0
434.966999998459	0.8597149901168711	0.0
434.967999998459	0.858007643177861	0.0
434.96899999845897	0.8563572780581806	0.0
434.96999999845895	0.8548166683489449	0.0
434.9709999984589	0.8534246323985948	0.0
434.9719999984589	0.8522062082329159	0.0
434.9729999984589	0.8511747914092038	0.0
434.97399999845885	0.8503350136532283	0.0
434.9749999984588	0.8496854459507427	0.0
434.9759999984588	0.8492207041494317	0.0
434.9769999984588	0.8489329726976338	0.0
434.97799999845876	0.8488132154515855	0.0
434.97899999845873	0.8488523850177978	0.0
434.9799999984587	0.8490428045335391	0.0
434.9809999984587	0.84937964300093	0.0
434.98199999845866	0.8498621313032696	0.0
434.98299999845864	0.8504939814310859	0.0
434.9839999984586	0.8512824694459502	0.0
434.9849999984586	0.8522358583367666	0.0
434.98599999845857	0.8533592288846459	0.0
434.98699999845854	0.8546492572363769	0.0
434.9879999984585	0.8560889112673811	0.0
434.9889999984585	0.8576433221665686	0.0
434.9899999984585	0.8592581122718257	0.0
434.99099999845845	0.860861126667102	0.0
434.9919999984584	0.8623678016923276	0.0
434.9929999984584	0.863689447982979	0.0
434.9939999984584	0.864742844507229	0.0
434.99499999845835	0.8654590998423125	0.0
434.99599999845833	0.8657899504184263	0.0
434.9969999984583	0.8657104543775653	0.0
434.9979999984583	0.8652180709658136	0.0
434.99899999845826	0.8643289852764691	0.0
434.99999999845824	0.8630729766202266	0.0
435.0009999984582	0.8614880960215419	0.0
435.0019999984582	0.85961605883354	0.0
435.00299999845817	0.8574991892390499	0.0
435.00399999845814	0.8551787126318054	0.0
435.0049999984581	0.8526968106900451	0.0
435.0059999984581	0.850103883912928	0.0
435.00699999845807	0.8474716319301961	0.0
435.00799999845805	0.8449031812711785	0.0
435.008999998458	0.8425229202193213	0.0
435.009999998458	0.8404409164106041	0.0
435.010999998458	0.8387160510863304	0.0
435.01199999845795	0.8373467471808239	0.0
435.5969999984441	0.8743004046197104	0.0
435.5979999984441	0.8753555415681958	0.0
435.59899999844407	0.8767298229718619	0.0
435.59999999844405	0.8784545092093659	0.0
435.600999998444	0.8805163182384295	0.0
435.601999998444	0.8828554453524539	0.0
435.602999998444	0.8853875257681774	0.0
435.60399999844395	0.8880320912002555	0.0
435.60499999844393	0.8907268203111423	0.0
435.6059999984439	0.8934263354173647	0.0
435.6069999984439	0.8960962778678717	0.0
435.60799999844386	0.8987092228797701	0.0
435.60899999844384	0.901241887676715	0.0
435.6099999984438	0.903672505337047	0.0
435.6109999984438	0.9059766747246554	0.0
435.61199999844376	0.908123338185625	0.0
435.61299999844374	0.9100723418278751	0.0
435.6139999984437	0.9117751081161786	0.0
435.6149999984437	0.9131789432214475	0.0
435.61599999844367	0.9142341752581891	0.0
435.61699999844365	0.9149022721755861	0.0
435.6179999984436	0.915162789616006	0.0
435.6189999984436	0.9150175254914431	0.0
435.6199999984436	0.9144912719466121	0.0
435.62099999844355	0.9136295416958573	0.0
435.6219999984435	0.9124942237787772	0.0
435.6229999984435	0.911158219999676	0.0
435.6239999984435	0.909699907594691	0.0
435.62499999844346	0.9081980040938209	0.0
435.62599999844343	0.9067272055325165	0.0
435.6269999984434	0.9053548185832517	0.0
435.6279999984434	0.9041384474879559	0.0
435.62899999844336	0.9031246085522614	0.0
435.62999999844334	0.9023479825666514	0.0
435.6309999984433	0.9018309653970001	0.0
435.6319999984433	0.9015832896304536	0.0
435.63299999844327	0.9016017312577197	0.0
435.63399999844324	0.9018701681936316	0.0
435.6349999984432	0.902360377756757	0.0
435.6359999984432	0.9030338554424475	0.0
435.6369999984432	0.9038446290924079	0.0
435.63799999844315	0.904742675531198	0.0
435.6389999984431	0.9056773213193499	0.0
435.6399999984431	0.9066000606088956	0.0
435.6409999984431	0.9074665236349225	0.0
435.64199999844305	0.9082376970297681	0.0
435.64299999844303	0.9088807138421354	0.0
435.643999998443	0.9093694877425158	0.0
435.644999998443	0.9096852284106894	0.0
435.64599999844296	0.9098166311453052	0.0
435.64699999844294	0.9097594627893024	0.0
435.6479999984429	0.9095154251482062	0.0
435.6489999984429	0.9090904723260278	0.0
435.64999999844287	0.9084930097619234	0.0
435.65099999844284	0.9077324540413952	0.0
435.6519999984428	0.9068184464158596	0.0
435.6529999984428	0.9057607021942287	0.0
435.65399999844277	0.9045692470964084	0.0
435.65499999844275	0.9032548044761957	0.0
435.6559999984427	0.901829349326608	0.0
435.6569999984427	0.9003071342047961	0.0
435.6579999984427	0.8987065348756249	0.0
435.65899999844265	0.8970526947407991	0.0
435.65999999844263	0.8953802764249081	0.0
435.6609999984426	0.8937350265954944	0.0
435.6619999984426	0.8921727544231438	0.0
435.66299999844256	0.8907549229719967	0.0
435.66399999844253	0.8895411822526301	0.0
435.6649999984425	0.8885803534044648	0.0
435.6659999984425	0.8879020851417647	0.0
435.66699999844246	0.8875113536291059	0.0
435.66799999844244	0.8873872139806795	0.0
435.6689999984424	0.8874860548142222	0.0
435.6699999984424	0.8877484777337495	0.0
435.67099999844237	0.8881081806852962	0.0
435.67199999844235	0.8885010552974071	0.0
435.6729999984423	0.8888730728981866	0.0
435.6739999984423	0.8891861769486948	0.0
435.6749999984423	0.8894219721496032	0.0
435.67599999844225	0.8895832600448228	0.0
435.6769999984422	0.8896934335982691	0.0
435.6779999984422	0.8897936522451164	0.0
435.6789999984422	0.8899378372003172	0.0
435.67999999844216	0.8901859164514174	0.0
435.68099999844213	0.8905962199119939	0.0
435.6819999984421	0.8912181911071814	0.0
435.6829999984421	0.8920864849535085	0.0
435.68399999844206	0.8932171451916414	0.0
435.68499999844204	0.8946061437065805	0.0
435.685999998442	0.8962303217206808	0.0
435.686999998442	0.8980507014066731	0.0
435.68799999844197	0.9000180376640081	0.0
435.68899999844194	0.9020801339558394	0.0
435.6899999984419	0.9041898349284745	0.0
435.6909999984419	0.9063119999982485	0.0
435.6919999984419	0.9084275717385834	0.0
435.69299999844185	0.9105333688756324	0.0
435.6939999984418	0.9126373999020282	0.0
435.6949999984418	0.9147509038082665	0.0
435.6959999984418	0.9168794263218158	0.0
435.69699999844175	0.9190156010563524	0.0
435.69799999844173	0.9211357873817868	0.0
435.6989999984417	0.9232015025013767	0.0
435.6999999984417	0.9251650921664775	0.0
435.70099999844166	0.9269778278671293	0.0
435.70199999844164	0.9285980347147064	0.0
435.7029999984416	0.929997121872787	0.0
435.7039999984416	0.9311623309275282	0.0
435.70499999844156	0.9320961869175297	0.0
435.70599999844154	0.9328135437243954	0.0
435.7069999984415	0.9333374844887524	0.0
435.7079999984415	0.9336952042615922	0.0
435.70899999844147	0.9339146098679941	0.0
435.70999999844145	0.9340219711575246	0.0
435.7109999984414	0.934040667843985	0.0
435.7119999984414	0.9339908905251129	0.0
435.7129999984414	0.9338900316627143	0.0
435.71399999844135	0.9337534340562093	0.0
435.71499999844133	0.9335951720675113	0.0
435.7159999984413	0.9334286314196679	0.0
435.7169999984413	0.9332667909113318	0.0
435.71799999844126	0.9331222290513275	0.0
435.71899999844123	0.9330069283120763	0.0
435.7199999984412	0.9329319243618687	0.0
435.7209999984412	0.9329067904105658	0.0
435.72199999844116	0.9329389176168267	0.0
435.72299999844114	0.9330325888827941	0.0
435.7239999984411	0.9331879385769886	0.0
435.7249999984411	0.9333999981895006	0.0
435.72599999844107	0.9336580847744889	0.0
435.72699999844104	0.9339457471012148	0.0
435.727999998441	0.9342413375639695	0.0
435.728999998441	0.9345190746320482	0.0
435.729999998441	0.934750292085009	0.0
435.73099999844095	0.9349045301220988	0.0
435.7319999984409	0.9349502482986637	0.0
435.7329999984409	0.9348551800818757	0.0
435.7339999984409	0.9345865800913583	0.0
435.73499999844086	0.934111710084247	0.0
435.73599999844083	0.9333988144912571	0.0
435.7369999984408	0.9324186050564797	0.0
435.7379999984408	0.9311460347881306	0.0
435.73899999844076	0.9295620144805361	0.0
435.73999999844074	0.927654754214457	0.0
435.7409999984407	0.9254205545196933	0.0
435.7419999984407	0.9228640416045022	0.0
435.74299999844067	0.9199979621405662	0.0
435.74399999844064	0.9168426878621014	0.0
435.7449999984406	0.9134261424150424	0.0
435.7459999984406	0.9097838004424169	0.0
435.7469999984406	0.9059625543332325	0.0
435.74799999844055	0.9020304633702144	0.0
435.7489999984405	0.8980927703324534	0.0
435.7499999984405	0.8943011534576306	0.0
435.7509999984405	0.8908329732987673	0.0
435.75199999844045	0.8878372458419765	0.0
435.75299999844043	0.8853842584894697	0.0
435.7539999984404	0.883457477881086	0.0
436.03999999843364	0.908803080776774	0.0
436.0409999984336	0.9082140991270328	0.0
436.0419999984336	0.907561577866881	0.0
436.0429999984336	0.9069052527053614	0.0
436.04399999843355	0.9063365797638053	0.0
436.0449999984335	0.9059574993764941	0.0
436.0459999984335	0.9058512010735814	0.0
436.0469999984335	0.9060657226724975	0.0
436.04799999843345	0.9066167892689322	0.0
436.04899999843343	0.9074983385722034	0.0
436.0499999984334	0.9086891110138255	0.0
436.0509999984334	0.9101526137927077	0.0
436.05199999843336	0.9118325386771576	0.0
436.05299999843334	0.9136457944156897	0.0
436.0539999984333	0.9154749291038693	0.0
436.0549999984333	0.9171615483049679	0.0
436.05599999843326	0.9185029860324898	0.0
436.05699999843324	0.9192547919658752	0.0
436.0579999984332	0.9191413581917567	0.0
436.0589999984332	0.9178758302681022	0.0
436.05999999843317	0.9151883532074373	0.0
436.06099999843315	0.9108592168683775	0.0
436.0619999984331	0.9047514847409384	0.0
436.0629999984331	0.8968370325334084	0.0
436.0639999984331	0.8872108612164713	0.0
436.06499999843305	0.8760907047240206	0.0
436.065999998433	0.8638016051842783	0.0
436.066999998433	0.8507476522918909	0.0
436.067999998433	0.8373751536686822	0.0
436.06899999843296	0.8241329501514069	0.0
436.06999999843293	0.8114361433000221	0.0
436.0709999984329	0.799638799991134	0.0
436.0719999984329	0.7890191351695767	0.0
436.07299999843286	0.779777721395111	0.0
436.07399999843284	0.7720463937721135	0.0
436.0749999984328	0.7659036661471745	0.0
436.0759999984328	0.7613920798669563	0.0
436.07699999843277	0.7585337272345217	0.0
436.07799999843274	0.7573415988898927	0.0
436.0789999984327	0.7578258058991433	0.0
436.0799999984327	0.7599947863534222	0.0
436.0809999984327	0.7638522128895491	0.0
436.08199999843265	0.7693905111081637	0.0
436.0829999984326	0.7765818425223837	0.0
436.0839999984326	0.7853673454982028	0.0
436.0849999984326	0.7956455954426906	0.0
436.08599999843256	0.8072617510384712	0.0
436.08699999843253	0.819999588208479	0.0
436.0879999984325	0.833579200125185	0.0
436.0889999984325	0.8476629944120629	0.0
436.08999999843246	0.8618713550371259	0.0
436.09099999843244	0.8758071327467878	0.0
436.0919999984324	0.889085782869908	0.0
436.0929999984324	0.9013664593912428	0.0
436.09399999843237	0.9123792210705707	0.0
436.09499999843234	0.9219444828750686	0.0
436.0959999984323	0.9299822883021819	0.0
436.0969999984323	0.9365103858767267	0.0
436.0979999984323	0.9416314418223837	0.0
436.09899999843225	0.9455112051805404	0.0
436.0999999984322	0.9483509982842412	0.0
436.1009999984322	0.9503590490796694	0.0
436.1019999984322	0.9517253241288645	0.0
436.10299999843215	0.9526034657405001	0.0
436.10399999843213	0.9531015941929158	0.0
436.1049999984321	0.9532818609155971	0.0
436.1059999984321	0.9531673185653008	0.0
436.10699999843206	0.9527540127635831	0.0
436.10799999843204	0.9520259224955709	0.0
436.108999998432	0.950970195309407	0.0
436.109999998432	0.9495900262720183	0.0
436.11099999843196	0.9479127710172177	0.0
436.11199999843194	0.94599173305025	0.0
436.1129999984319	0.9439015160695907	0.0
436.1139999984319	0.9417284824163585	0.0
436.11499999843187	0.9395590813992727	0.0
436.11599999843185	0.9374691073347551	0.0
436.1169999984318	0.9355162452050289	0.0
436.1179999984318	0.9337369456678857	0.0
436.1189999984318	0.9321473327179353	0.0
436.11999999843175	0.9307469582210552	0.0
436.1209999984317	0.9295239402695499	0.0
436.1219999984317	0.9284602386765332	0.0
436.1229999984317	0.9275362874077312	0.0
436.12399999843166	0.9267346902044432	0.0
436.12499999843163	0.9260430338032931	0.0
436.1259999984316	0.9254560041979042	0.0
436.1269999984316	0.9249769081694021	0.0
436.12799999843156	0.9246184887066865	0.0
436.12899999843154	0.9244027165719476	0.0
436.1299999984315	0.9243591719028617	0.0
436.1309999984315	0.924521759416578	0.0
436.13199999843147	0.9249237967261451	0.0
436.13299999843144	0.9255918933621239	0.0
436.1339999984314	0.9265394242415723	0.0
436.1349999984314	0.9277607493368042	0.0
436.1359999984314	0.9292275713951067	0.0
436.13699999843135	0.9308888047827119	0.0
436.1379999984313	0.9326748551236957	0.0
436.1389999984313	0.9345061971055268	0.0
436.1399999984313	0.9363047876839176	0.0
436.14099999843125	0.9380056749450802	0.0
436.14199999843123	0.9395657644126607	0.0
436.1429999984312	0.9409674227185745	0.0
436.1439999984312	0.9422162428808545	0.0
436.14499999843116	0.9433341953405657	0.0
436.14599999843114	0.9443507401077796	0.0
436.1469999984311	0.9452947564560962	0.0
436.1479999984311	0.9461893486722388	0.0
436.14899999843107	0.947050156626562	0.0
436.14999999843104	0.9478863887716545	0.0
436.150999998431	0.9487029663450917	0.0
436.151999998431	0.9495021840603651	0.0
436.15299999843097	0.9502840299927594	0.0
436.15399999843095	0.9510453250039744	0.0
436.1549999984309	0.9517786052441986	0.0
436.1559999984309	0.9524718292499048	0.0
436.1569999984309	0.9531095476291062	0.0
436.15799999843085	0.9536754407918058	0.0
436.15899999843083	0.9541555118467978	0.0
436.1599999984308	0.9545409821625068	0.0
436.1609999984308	0.9548301027006791	0.0
436.16199999843076	0.955028508001087	0.0
436.16299999843073	0.9551481910862489	0.0
436.1639999984307	0.9552055118840208	0.0
436.1649999984307	0.9552188092080678	0.0
436.16599999843066	0.9552061797473247	0.0
436.16699999843064	0.955183858658283	0.0
436.1679999984306	0.9551654254687398	0.0
436.1689999984306	0.9551618011891482	0.0
436.16999999843057	0.9551817428552477	0.0
436.17099999843055	0.9552323466186864	0.0
436.1719999984305	0.9553190137655464	0.0
436.1729999984305	0.955444458408735	0.0
436.1739999984305	0.9556066194256052	0.0
436.17499999843045	0.9557956992395295	0.0
436.1759999984304	0.9559908834734202	0.0
436.1769999984304	0.9561575153888281	0.0
436.1779999984304	0.9562455619193553	0.0
436.17899999843036	0.9561900926915349	0.0
436.17999999843033	0.9559141889305545	0.0
436.1809999984303	0.9553342122126907	0.0
436.1819999984303	0.9543667462652257	0.0
436.18299999843026	0.9529359094920726	0.0
436.18399999843024	0.9509793384451599	0.0
436.1849999984302	0.948451208787486	0.0
436.1859999984302	0.9453213417958524	0.0
436.18699999843017	0.9415706697533662	0.0
436.18799999843014	0.9371847642678668	0.0
436.1889999984301	0.9321482452117159	0.0
436.1899999984301	0.9264431658617447	0.0
436.1909999984301	0.920053614290958	0.0
436.19199999843005	0.9129768628669664	0.0
436.19299999843	0.9052389354843456	0.0
436.19399999843	0.8969102730026971	0.0
436.19499999843	0.8881161897066089	0.0
436.19599999842995	0.8790376831998375	0.0
436.19699999842993	0.8699008563100369	0.0
436.1979999984299	0.8609568353761833	0.0
436.1989999984299	0.8524571604298005	0.0
436.19999999842986	0.8446308598395698	0.0
436.20099999842984	0.837668343827273	0.0
436.2019999984298	0.8317144945777801	0.0
436.2029999984298	0.826870222750472	0.0
436.20399999842977	0.8231995539595528	0.0
436.20499999842974	0.8207385860508118	0.0
436.2059999984297	0.8195032383335289	0.0
436.2069999984297	0.819493991507201	0.0
436.20799999842967	0.8206971980063869	0.0
436.20899999842965	0.8230836878118378	0.0
436.2099999984296	0.8266061798421571	0.0
436.2109999984296	0.8311973400277205	0.0
436.2119999984296	0.8367700628527843	0.0
436.21299999842955	0.8432206401616062	0.0
436.21399999842953	0.850434150195166	0.0
436.2149999984295	0.8582901846666436	0.0
436.2159999984295	0.866666539862377	0.0
436.21699999842946	0.8754390838286135	0.0
436.21799999842943	0.8844775609578766	0.0
436.2189999984294	0.8936390449521948	0.0
436.2199999984294	0.9027623205851621	0.0
436.22099999842936	0.9116669687554659	0.0
436.22199999842934	0.9201599837807625	0.0
436.2229999984293	0.928050485645896	0.0
436.2239999984293	0.9351701532312294	0.0
436.22499999842927	0.9413944573509466	0.0
436.22599999842924	0.9466587239124339	0.0
436.2269999984292	0.9509641436394874	0.0
436.2279999984292	0.9543718078562016	0.0
436.2289999984292	0.9569865389123525	0.0
436.22999999842915	0.958935186456052	0.0
436.2309999984291	0.9603450880756162	0.0
436.2319999984291	0.9613274056815044	0.0
436.2329999984291	0.9619677975504664	0.0
436.23399999842906	0.9623244762858439	0.0
436.23499999842903	0.9624319946841198	0.0
436.235999998429	0.9623083921357254	0.0
436.236999998429	0.9619634280383813	0.0
436.23799999842896	0.9614061340228636	0.0
436.23899999842894	0.9606505201068027	0.0
436.2399999984289	0.9597188319538896	0.0
436.2409999984289	0.9586422532601565	0.0
436.24199999842887	0.957459374143513	0.0
436.24299999842884	0.9562130715870466	0.0
436.2439999984288	0.9549466222676836	0.0
436.2449999984288	0.9536998595189119	0.0
436.2459999984288	0.9525060093001411	0.0
436.24699999842875	0.9513895616863891	0.0
436.2479999984287	0.9503652504085923	0.0
436.2489999984287	0.9494380103002981	0.0
436.2499999984287	0.9486037059282806	0.0
436.25099999842865	0.9478504629972275	0.0
436.25199999842863	0.9471605288342899	0.0
436.2529999984286	0.9465126597188421	0.0
436.2539999984286	0.9458850134792965	0.0
436.25499999842856	0.945258392473288	0.0
436.25599999842854	0.944619475247095	0.0
436.2569999984285	0.9439634901219567	0.0
436.2579999984285	0.9432957284128816	0.0
436.25899999842846	0.9426314321583062	0.0
436.25999999842844	0.941993902633626	0.0
436.2609999984284	0.9414110687599097	0.0
436.2619999984284	0.9409111076616176	0.0
436.26299999842837	0.9405179258945086	0.0
436.26399999842835	0.9402473433762529	0.0
436.2649999984283	0.9401046739336765	0.0
436.2659999984283	0.9400840978607748	0.0
436.2669999984283	0.9401698270954882	0.0
436.26799999842825	0.9403386546017439	0.0
436.2689999984282	0.9405631644487107	0.0
436.2699999984282	0.9408147675345788	0.0
436.2709999984282	0.941065886811098	0.0
436.27199999842816	0.9412910246720188	0.0
436.27299999842813	0.9414669732034822	0.0
436.2739999984281	0.9415728571953316	0.0
436.2749999984281	0.9415908048030842	0.0
436.27599999842806	0.9415077069345174	0.0
436.27699999842804	0.9413178471555018	0.0
436.277999998428	0.9410254621284007	0.0
436.278999998428	0.9406459115856941	0.0
436.27999999842797	0.9402043517823444	0.0
436.28099999842794	0.9397315823766966	0.0
436.2819999984279	0.9392577452369412	0.0
436.2829999984279	0.9388053396916873	0.0
436.2839999984279	0.938383239313058	0.0
436.28499999842785	0.9379829874251427	0.0
436.2859999984278	0.9375778346853991	0.0
436.2869999984278	0.9371241291410006	0.0
436.2879999984278	0.9365641022622722	0.0
436.28899999842776	0.9358289766244126	0.0
436.28999999842773	0.9348416433609464	0.0
436.2909999984277	0.9335188002227517	0.0
436.2919999984277	0.9317732228685989	0.0
436.29299999842766	0.9295175145903785	0.0
436.29399999842764	0.9266709069237503	0.0
436.2949999984276	0.9231701119536538	0.0
436.2959999984276	0.918983711017938	0.0
436.29699999842757	0.9141274431034984	0.0
436.29799999842754	0.9086759201634015	0.0
436.2989999984275	0.9027658442178298	0.0
436.2999999984275	0.8965873976733327	0.0
436.30099999842747	0.8903638282231446	0.0
436.30199999842745	0.8843230929463052	0.0
436.3029999984274	0.8786681379985404	0.0
436.3039999984274	0.8735528388588488	0.0
436.3049999984274	0.869068740931552	0.0
436.30599999842735	0.8652444496337685	0.0
436.30699999842733	0.8620561651246202	0.0
436.3079999984273	0.8594455195656956	0.0
436.3089999984273	0.857340001993486	0.0
436.30999999842726	0.8556717051516993	0.0
436.31099999842723	0.854391435191466	0.0
436.3119999984272	0.8534768476132509	0.0
436.3129999984272	0.8529347275071815	0.0
436.31399999842716	0.8527984796363314	0.0
436.31499999842714	0.8531222179488713	0.0
436.3159999984271	0.8539726708330063	0.0
436.3169999984271	0.8554197269218928	0.0
436.31799999842707	0.8575261139793281	0.0
436.31899999842705	0.8603365853417513	0.0
436.319999998427	0.8638671008121467	0.0
436.320999998427	0.8680947854735331	0.0
436.321999998427	0.8729498976622572	0.0
436.32299999842695	0.878311580991116	0.0
436.3239999984269	0.8840095977521988	0.0
436.3249999984269	0.8898340982357772	0.0
436.3259999984269	0.8955542992548216	0.0
436.32699999842686	0.9009446359578193	0.0
436.32799999842683	0.9058141299196557	0.0
436.3289999984268	0.9100326012665586	0.0
436.3299999984268	0.9135471676522441	0.0
436.33099999842676	0.916384685304031	0.0
436.33199999842674	0.9186397003315829	0.0
436.3329999984267	0.920451515398723	0.0
436.3339999984267	0.9219765173894368	0.0
436.33499999842667	0.9233621486926125	0.0
436.33599999842664	0.9247271746630001	0.0
436.3369999984266	0.9261503168219813	0.0
436.3379999984266	0.9276670407944491	0.0
436.3389999984266	0.9292729320232987	0.0
436.33999999842655	0.9309316490979291	0.0
436.3409999984265	0.9325855489800364	0.0
436.3419999984265	0.9341673620790243	0.0
436.3429999984265	0.9356115646600908	0.0
436.34399999842645	0.9368643172685052	0.0
436.34499999842643	0.937891045379997	0.0
436.3459999984264	0.9386809768796436	0.0
436.3469999984264	0.9392482597807622	0.0
436.34799999842636	0.9396296848743501	0.0
436.34899999842634	0.9398795042540868	0.0
436.3499999984263	0.9400622707238442	0.0
436.3509999984263	0.9402448910123419	0.0
436.35199999842627	0.9404890936640592	0.0
436.35299999842624	0.9408452706435799	0.0
436.3539999984262	0.9413482748309268	0.0
436.3549999984262	0.9420153963620311	0.0
436.35599999842617	0.942846497757794	0.0
436.35699999842615	0.9438261505828854	0.0
436.3579999984261	0.9449274896075947	0.0
436.3589999984261	0.9461172951017083	0.0
436.3599999984261	0.9473615423191537	0.0
436.36099999842605	0.9486304527847994	0.0
436.36199999842603	0.949902112533286	0.0
436.362999998426	0.9511640550208	0.0
436.363999998426	0.9524127350628577	0.0
436.36499999842596	0.9536513228743804	0.0
436.36599999842593	0.9548865295263306	0.0
436.3669999984259	0.9561251850231057	0.0
436.3679999984259	0.957371121785364	0.0
436.36899999842586	0.9586227144421776	0.0
436.36999999842584	0.9598712811071463	0.0
436.3709999984258	0.9611004588940547	0.0
436.3719999984258	0.9622865746627979	0.0
436.37299999842577	0.9633999097134912	0.0
436.37399999842575	0.9644066317350667	0.0
436.3749999984257	0.9652711010434433	0.0
436.3759999984257	0.965958287583849	0.0
436.3769999984257	0.9664361265796874	0.0
436.37799999842565	0.9666777042998859	0.0
436.3789999984256	0.9666631258842514	0.0
436.3799999984256	0.9663807896046773	0.0
436.3809999984256	0.9658276991017734	0.0
436.38199999842556	0.9650085455079868	0.0
436.38299999842553	0.9639336499680438	0.0
436.3839999984255	0.9626163514865202	0.0
436.3849999984255	0.9610707802891134	0.0
436.38599999842546	0.9593109125939449	0.0
436.38699999842544	0.95735129781354	0.0
436.3879999984254	0.9552090844340243	0.0
436.3889999984254	0.9529063043792332	0.0
436.38999999842537	0.950471128888353	0.0
436.39099999842534	0.947937105566581	0.0
436.3919999984253	0.9453401098284405	0.0
436.3929999984253	0.9427136147029955	0.0
436.3939999984253	0.9400835871648636	0.0
436.39499999842525	0.9374646159039286	0.0
436.3959999984252	0.9348586537135477	0.0
436.3969999984252	0.9322570602458282	0.0
436.3979999984252	0.9296456589637668	0.0
436.39899999842515	0.9270116005864295	0.0
436.39999999842513	0.9243502976893231	0.0
436.4009999984251	0.9216707629985098	0.0
436.4019999984251	0.9189982812683003	0.0
436.40299999842506	0.9163741583799099	0.0
436.40399999842504	0.9138529513718503	0.0
436.404999998425	0.911497896559918	0.0
436.405999998425	0.9093752953500819	0.0
436.40699999842496	0.9075486020224126	0.0
436.40799999842494	0.9060730021552921	0.0
436.4089999984249	0.9049912795871696	0.0
436.4099999984249	0.9043315522458275	0.0
436.41099999842487	0.9041069609420693	0.0
436.41199999842485	0.9043168271295162	0.0
436.4129999984248	0.9049484907335658	0.0
436.4139999984248	0.9059791921420809	0.0
436.4149999984248	0.9073778585334868	0.0
436.41599999842475	0.9091071392831124	0.0
436.4169999984247	0.9111261598195849	0.0
436.4179999984247	0.9133941208596198	0.0
436.4189999984247	0.9158742547849907	0.0
436.41999999842466	0.9185371204865193	0.0
436.42099999842463	0.9213620770116444	0.0
436.4219999984246	0.9243361331565055	0.0
436.4229999984246	0.9274501191123364	0.0
436.42399999842456	0.9306930118423351	0.0
436.42499999842454	0.9340459509276529	0.0
436.4259999984245	0.9374777240330845	0.0
436.4269999984245	0.9409431381499361	0.0
436.42799999842447	0.9443848102603417	0.0
436.42899999842444	0.9477378369348874	0.0
436.4299999984244	0.9509359884972906	0.0
436.4309999984244	0.9539178636140542	0.0
436.4319999984244	0.9566318575688691	0.0
436.43299999842435	0.9590395177094182	0.0
436.4339999984243	0.9611174244518562	0.0
436.4349999984243	0.9628578665865315	0.0
436.4359999984243	0.9642683495029575	0.0
436.43699999842426	0.9653697116278569	0.0
436.43799999842423	0.9661926281074524	0.0
436.4389999984242	0.9667726024631255	0.0
436.4399999984242	0.9671439882146224	0.0
436.44099999842416	0.9673338804182202	0.0
436.44199999842414	0.9673567476160229	0.0
436.4429999984241	0.9672105278390656	0.0
436.4439999984241	0.9668747969687465	0.0
436.44499999842407	0.9663116629183621	0.0
436.44599999842404	0.965470129345397	0.0
436.446999998424	0.964294457486968	0.0
436.447999998424	0.9627361855231527	0.0
436.448999998424	0.9607679545715806	0.0
436.44999999842395	0.958395737057532	0.0
436.4509999984239	0.9556654613027153	0.0
436.4519999984239	0.9526611426414514	0.0
436.4529999984239	0.9494943343393895	0.0
436.45399999842385	0.9462878344588639	0.0
436.45499999842383	0.9431585625436726	0.0
436.4559999984238	0.9402043835765359	0.0
436.4569999984238	0.9374976296205476	0.0
436.45799999842376	0.9350853369395282	0.0
436.45899999842374	0.9329941099276367	0.0
436.4599999984237	0.9312367681512519	0.0
436.4609999984237	0.9298184281171455	0.0
436.46199999842366	0.9287407901812514	0.0
436.46299999842364	0.928004469843308	0.0
436.4639999984236	0.9276098436913314	0.0
436.4649999984236	0.9275570367534242	0.0
436.46599999842357	0.9278455404101479	0.0
436.46699999842355	0.9284737312411466	0.0
436.4679999984235	0.9294383888208286	0.0
436.4689999984235	0.9307342035719067	0.0
436.4699999984235	0.9323531735934895	0.0
436.47099999842345	0.9342836609210843	0.0
436.4719999984234	0.9365087376200955	0.0
436.4729999984234	0.9390034378303025	0.0
436.4739999984234	0.9417308400200213	0.0
436.47499999842336	0.9446376348152987	0.0
436.47599999842333	0.9476508067854821	0.0
436.4769999984233	0.9506777430385805	0.0
436.4779999984233	0.9536118034037134	0.0
436.47899999842326	0.9563437997383162	0.0
436.47999999842324	0.9587773613172198	0.0
436.4809999984232	0.9608439963469506	0.0
436.4819999984232	0.9625131058513584	0.0
436.48299999842317	0.9637937961490106	0.0
436.48399999842314	0.9647283584139201	0.0
436.4849999984231	0.9653801912043164	0.0
436.4859999984231	0.9658203499441926	0.0
436.4869999984231	0.9661164142692812	0.0
436.48799999842305	0.9663256185651967	0.0
436.488999998423	0.9664922902798646	0.0
436.489999998423	0.966648412756924	0.0
436.490999998423	0.9668157926526935	0.0
436.49199999842295	0.9670085997270454	0.0
436.49299999842293	0.967235547952345	0.0
436.4939999984229	0.9675014118763324	0.0
436.4949999984229	0.9678078267369463	0.0
436.49599999842286	0.9681534442841695	0.0
436.49699999842284	0.968533587893211	0.0
436.4979999984228	0.968939626651531	0.0
436.4989999984228	0.9693583774140742	0.0
436.49999999842277	0.9697719100423422	0.0
436.50099999842274	0.9701581149572481	0.0
436.5019999984227	0.9704922490518718	0.0
436.5029999984227	0.9707494131573741	0.0
436.50399999842267	0.9709076043849736	0.0
436.50499999842265	0.9709507433564234	0.0
436.5059999984226	0.9708710016018941	0.0
436.5069999984226	0.970669889309673	0.0
436.5079999984226	0.970357869404239	0.0
436.50899999842255	0.9699526387111038	0.0
436.50999999842253	0.9694765350576235	0.0
436.5109999984225	0.9689536883649358	0.0
436.5119999984225	0.9684074957386518	0.0
436.51299999842246	0.9678588053149412	0.0
436.51399999842243	0.9673249366624862	0.0
436.5149999984224	0.9668194477838711	0.0
436.5159999984224	0.9663524389116593	0.0
436.51699999842236	0.9659311607483416	0.0
436.51799999842234	0.9655607293435826	0.0
436.5189999984223	0.9652447988047776	0.0
436.5199999984223	0.9649860874442199	0.0
436.52099999842227	0.9647866972193907	0.0
436.52199999842225	0.964648219329688	0.0
436.5229999984222	0.9645716756398751	0.0
436.5239999984222	0.9645573856244162	0.0
436.5249999984222	0.9646048498288037	0.0
436.52599999842215	0.9647126963823333	0.0
436.5269999984221	0.9648786610260863	0.0
436.5279999984221	0.9650994958586343	0.0
436.5289999984221	0.965370670779641	0.0
436.52999999842206	0.9656857841314744	0.0
436.53099999842203	0.9660357469220006	0.0
436.531999998422	0.9664080064986674	0.0
436.532999998422	0.9667862327108251	0.0
436.53399999842196	0.967150886683078	0.0
436.53499999842194	0.9674808675153309	0.0
436.5359999984219	0.9677560401399936	0.0
436.5369999984219	0.9679600577442042	0.0
436.53799999842187	0.9680827043973901	0.0
436.53899999842184	0.968121106586582	0.0
436.5399999984218	0.9680795420095281	0.0
436.5409999984218	0.9679680265478083	0.0
436.5419999984218	0.9678001876298035	0.0
436.54299999842175	0.9675910308594919	0.0
436.5439999984217	0.9673550987819838	0.0
436.5449999984217	0.967105303173935	0.0
436.5459999984217	0.9668524842232012	0.0
436.54699999842165	0.9666055700546612	0.0
436.54799999842163	0.9663720983721718	0.0
436.5489999984216	0.9661588217503546	0.0
436.5499999984216	0.9659721489954325	0.0
436.55099999842156	0.965818269385156	0.0
436.55199999842154	0.965702940080066	0.0
436.5529999984215	0.9656310479113278	0.0
436.5539999984215	0.9656061389696348	0.0
436.55499999842147	0.9656301110170605	0.0
436.55599999842144	0.9657031804239438	0.0
436.5569999984214	0.9658240928744163	0.0
436.5579999984214	0.9659903941561997	0.0
436.55899999842137	0.9661984710876572	0.0
436.55999999842135	0.9664430567318184	0.0
436.5609999984213	0.9667159739515166	0.0
436.5619999984213	0.9670040220012931	0.0
436.5629999984213	0.9672860166286742	0.0
436.56399999842125	0.9675290247768233	0.0
436.56499999842123	0.9676838322506435	0.0
436.5659999984212	0.9676798051183935	0.0
436.5669999984212	0.9674197577483447	0.0
436.56799999842116	0.9667762991881182	0.0
436.56899999842113	0.9655921473410427	0.0
436.5699999984211	0.9636874477631198	0.0
436.5709999984211	0.960876434253201	0.0
436.57199999842106	0.9569934044128242	0.0
436.57299999842104	0.9519243930795135	0.0
436.573999998421	0.9456374811897991	0.0
436.574999998421	0.938203138361183	0.0
436.57599999842097	0.9297975700633708	0.0
436.57699999842094	0.9206865717635268	0.0
436.5779999984209	0.9111932458775968	0.0
436.5789999984209	0.9016577201468738	0.0
436.5799999984209	0.8923987819516583	0.0
436.58099999842085	0.8836856089919698	0.0
436.5819999984208	0.8757236229897708	0.0
436.5829999984208	0.8686538986684907	0.0
436.5839999984208	0.8625623101002398	0.0
436.58499999842076	0.857493487133576	0.0
436.58599999842073	0.8534653804046042	0.0
436.5869999984207	0.850481850988123	0.0
436.5879999984207	0.8485422623924636	0.0
436.58899999842066	0.847648030007675	0.0
436.58999999842064	0.8478064354739804	0.0
436.5909999984206	0.8490319868651168	0.0
436.5919999984206	0.8513454774495196	0.0
436.59299999842057	0.8547708178654437	0.0
436.59399999842054	0.8593296899961825	0.0
436.5949999984205	0.865034034237706	0.0
436.5959999984205	0.871876374064529	0.0
436.5969999984205	0.8798166479060222	0.0
436.59799999842045	0.8887677029515262	0.0
436.5989999984204	0.8985721158948496	0.0
436.5999999984204	0.9089700459926489	0.0
436.6009999984204	0.9195642841024909	0.0
436.60199999842035	0.9298222535775602	0.0
436.60299999842033	0.9391697231229897	0.0
436.6039999984203	0.9471621075506895	0.0
436.6049999984203	0.9536163784677504	0.0
436.60599999842026	0.9586080789427185	0.0
436.60699999842024	0.0	0.0