Uwaga - plik w wersji PAD
859 Bouzareah PERIOD=23.23096 hrs      ZERO PHASE AT    18.00 UT

2015 Dec 31 +2.542 

0.414   -6.187
0.414   -6.178
0.418   -6.195
0.422   -6.190
0.426   -6.195
0.430   -6.194
0.430   -6.189
0.434   -6.192
0.438   -6.191
0.438   -6.199
0.442   -6.193
0.446   -6.209
0.454   -6.200
0.454   -6.195
0.458   -6.204
0.462   -6.182
0.462   -6.204
0.467   -6.215
0.471   -6.209
0.475   -6.216
0.475   -6.219
0.479   -6.216
0.491   -6.221
0.491   -6.221
0.495   -6.220
0.499   -6.224
0.503   -6.217
0.503   -6.212
0.507   -6.211
0.511   -6.223
0.515   -6.207
0.515   -6.199
0.519   -6.200
0.523   -6.197
0.523   -6.202
0.527   -6.189
0.531   -6.189
0.535   -6.193
0.535   -6.195
0.539   -6.176
0.543   -6.191
0.547   -6.179
0.571   -6.149
0.575   -6.155
0.575   -6.149
0.580   -6.141
0.584   -6.144
0.588   -6.140
0.588   -6.135
0.592   -6.135
0.596   -6.143
0.596   -6.135
0.600   -6.136
0.604   -6.128
0.608   -6.121
0.608   -6.133
0.612   -6.123
0.616   -6.110
0.620   -6.119
0.620   -6.120
0.624   -6.138
0.628   -6.113
0.632   -6.117
0.632   -6.119
0.636   -6.097
0.640   -6.111
0.640   -6.115
0.652   -6.098
0.652   -6.091
0.656   -6.116
0.660   -6.116
0.660   -6.108
0.664   -6.113
0.668   -6.100
0.672   -6.107
0.672   -6.130
0.676   -6.125

2016 Feb 5  +16.284 

0.441   -6.243
0.445   -6.256
0.449   -6.253
0.449   -6.243
0.453   -6.245
0.457   -6.235
0.461   -6.253
0.461   -6.251
0.465   -6.232
0.469   -6.229
0.477   -6.215
0.482   -6.195
0.482   -6.219
0.486   -6.209
0.490   -6.203
0.494   -6.195
0.494   -6.196
0.498   -6.204
0.502   -6.224
0.518   -6.214
0.518   -6.190
0.522   -6.192
0.522   -6.163
0.526   -6.181
0.526   -6.196
0.530   -6.169
0.530   -6.186
0.534   -6.188
0.538   -6.170
0.538   -6.166
0.542   -6.170
0.542   -6.169
0.546   -6.173
0.546   -6.178
0.550   -6.181
0.550   -6.174
0.554   -6.168
0.554   -6.161
0.558   -6.176
0.562   -6.183
0.562   -6.163
0.566   -6.167
0.566   -6.145
0.570   -6.146
0.570   -6.149
0.574   -6.148
0.574   -6.142
0.578   -6.138
0.578   -6.116
0.590   -6.092
0.590   -6.124
0.595   -6.115
0.599   -6.106

2016 Feb 15 +2.904 

0.363   -6.200
0.367   -6.199
0.371   -6.192
0.379   -6.192
0.383   -6.183
0.387   -6.185
0.391   -6.186
0.395   -6.191
0.399   -6.190

2016 Feb 24 +3.110 

0.116   -6.099
0.125   -6.123
0.133   -6.135
0.137   -6.142
0.145   -6.153
0.153   -6.157
0.169   -6.182
0.173   -6.187
0.185   -6.176
0.193   -6.183
0.197   -6.192
0.225   -6.134
0.233   -6.148
0.238   -6.150
0.250   -6.162
0.262   -6.135
0.270   -6.139
0.278   -6.117
0.286   -6.127
0.294   -6.142
0.302   -6.153
0.310   -6.167
0.391   -6.253
0.399   -6.218

2016 Feb 25 +2.993 

0.334   -6.155
0.339   -6.177
0.347   -6.167
0.355   -6.194
0.363   -6.208
0.371   -6.210
0.375   -6.206
0.383   -6.182

2016 Feb 25 +16.355 

0.306   -6.124
0.314   -6.172
0.318   -6.207
0.322   -6.203
0.330   -6.184
0.334   -6.179
0.338   -6.195
0.342   -6.203
0.347   -6.156
0.355   -6.212
0.363   -6.204
0.379   -6.175
0.383   -6.215
0.387   -6.194
0.391   -6.215
0.395   -6.187
0.399   -6.175
0.403   -6.162
0.407   -6.159
0.411   -6.185
0.415   -6.204
0.423   -6.191
0.427   -6.200
0.431   -6.198
0.435   -6.195
0.443   -6.222
0.455   -6.216

2016 Feb 25 +3.103 

0.552   -6.136
0.556   -6.127
0.560   -6.111
0.568   -6.107
0.572   -6.098
0.580   -6.093
0.585   -6.084
0.593   -6.090
0.597   -6.094
0.605   -6.095
0.609   -6.089
0.613   -6.091
0.621   -6.103
0.625   -6.111
0.633   -6.112
0.637   -6.122
0.645   -6.126
0.649   -6.146
0.653   -6.148
0.661   -6.150
0.665   -6.154
0.673   -6.163
0.677   -6.176
0.685   -6.176
0.689   -6.178
0.693   -6.194
0.702   -6.193
0.706   -6.201
0.714   -6.195
0.718   -6.196
0.726   -6.203
0.730   -6.200
0.738   -6.198
0.742   -6.196
0.746   -6.204
0.754   -6.208

2016 Mar 4  +1.642 
0.007   -6.213
0.704   -6.141
0.708   -6.148
0.716   -6.162
0.720   -6.167
0.728   -6.169
0.732   -6.182
0.740   -6.186
0.744   -6.208
0.748   -6.212
0.757   -6.220
0.761   -6.214
0.769   -6.203
0.773   -6.195
0.781   -6.185
0.785   -6.180
0.789   -6.172
0.797   -6.171
0.801   -6.170
0.809   -6.161
0.813   -6.161
0.821   -6.151
0.825   -6.151
0.829   -6.142
0.837   -6.143
0.841   -6.138
0.849   -6.146
0.853   -6.155
0.861   -6.142
0.866   -6.142
0.874   -6.152
0.878   -6.156
0.882   -6.164
0.890   -6.167
0.894   -6.177
0.902   -6.175
0.906   -6.176
0.914   -6.183
0.918   -6.193
0.922   -6.198
0.930   -6.187
0.934   -6.203
0.942   -6.211
0.946   -6.201
0.954   -6.214
0.958   -6.206
0.962   -6.208
0.970   -6.218
0.974   -6.221
0.983   -6.222
0.987   -6.223
0.995   -6.214
0.999   -6.212

2016 Mar 7  +2.425 
0.001   -6.154
0.005   -6.150
0.013   -6.148
0.017   -6.143
0.021   -6.136
0.029   -6.132
0.033   -6.124
0.042   -6.126
0.046   -6.121
0.054   -6.122
0.058   -6.121
0.062   -6.124
0.070   -6.120
0.078   -6.125
0.082   -6.135
0.090   -6.136
0.094   -6.152
0.949   -6.154
0.953   -6.155
0.961   -6.160
0.965   -6.165
0.969   -6.161
0.977   -6.158
0.981   -6.157
0.989   -6.159
0.993   -6.154

2016 Mar 19 +16.645 
0.006   -6.107
0.014   -6.117
0.022   -6.115
0.030   -6.104
0.038   -6.127
0.046   -6.145
0.054   -6.174
0.062   -6.195
0.070   -6.197
0.079   -6.209
0.083   -6.201
0.091   -6.202
0.099   -6.181
0.107   -6.198
0.115   -6.206
0.123   -6.183
0.131   -6.189
0.139   -6.161
0.147   -6.171
0.155   -6.126
0.175   -6.068
0.183   -6.080
0.192   -6.102
0.204   -6.110
0.913   -6.079
0.917   -6.051
0.921   -6.073
0.925   -6.090
0.933   -6.104
0.937   -6.086
0.941   -6.085
0.945   -6.089
0.949   -6.089
0.953   -6.083
0.957   -6.075
0.966   -6.025
0.970   -6.018
0.974   -6.013
0.978   -6.038
0.982   -6.032
0.986   -6.032
0.990   -6.052
0.994   -6.060
0.998   -6.069

2021 Nov 14 +1.781 
0.004   -6.114
0.012   -6.116
0.016   -6.102
0.020   -6.106
0.024   -6.107
0.028   -6.083
0.867   -6.227
0.871   -6.208
0.875   -6.209
0.883   -6.206
0.887   -6.202
0.891   -6.198
0.899   -6.201
0.903   -6.200
0.919   -6.192
0.923   -6.186
0.927   -6.185
0.931   -6.178
0.939   -6.172
0.943   -6.170
0.947   -6.171
0.955   -6.159
0.959   -6.154
0.963   -6.156
0.967   -6.156
0.976   -6.152
0.980   -6.145
0.984   -6.143
0.988   -6.124
0.996   -6.125
1.000   -6.123

2021 Dec 8  +3.128 
0.032   -6.153
0.073   -6.141
0.077   -6.148
0.081   -6.158
0.085   -6.155
0.089   -6.137
0.093   -6.145
0.097   -6.153
0.101   -6.154
0.101   -6.142
0.105   -6.141
0.109   -6.144
0.113   -6.131
0.117   -6.135
0.121   -6.132
0.125   -6.134
0.129   -6.141
0.133   -6.148
0.137   -6.141
0.141   -6.139
0.145   -6.134
0.149   -6.123
0.153   -6.130
0.157   -6.118
0.157   -6.129
0.161   -6.119
0.166   -6.104
0.170   -6.097
0.174   -6.093
0.931   -6.145
0.935   -6.127
0.940   -6.114
0.944   -6.130
0.948   -6.111

2022 Jan 12 +2.535 
0.259   -6.183
0.263   -6.181
0.271   -6.183
0.279   -6.193
0.287   -6.182
0.295   -6.189
0.299   -6.150
0.307   -6.166
0.315   -6.165
0.323   -6.179
0.331   -6.193
0.335   -6.183
0.344   -6.182
0.352   -6.175
0.360   -6.181
0.368   -6.201
0.372   -6.185
0.380   -6.183
0.388   -6.189
0.396   -6.194
0.400   -6.178
0.408   -6.186
0.416   -6.185
0.424   -6.182
0.432   -6.196
0.436   -6.208
0.444   -6.202
0.452   -6.208
0.517   -6.193
0.525   -6.196
0.533   -6.195
0.537   -6.198
0.545   -6.195
0.553   -6.204
0.561   -6.190
0.570   -6.180
0.574   -6.188
0.582   -6.169
0.590   -6.156
0.598   -6.149
0.606   -6.148
0.610   -6.135
0.618   -6.129
0.626   -6.110
0.634   -6.110
0.638   -6.112
0.646   -6.111
0.654   -6.107
0.662   -6.113
0.670   -6.086

2022 Jan 11 +3.043 
0.303   -6.178
0.311   -6.180
0.319   -6.183
0.327   -6.187
0.335   -6.192
0.344   -6.188
0.352   -6.184
0.360   -6.190
0.368   -6.189
0.376   -6.183
0.384   -6.183
0.392   -6.185
0.400   -6.184
0.408   -6.196
0.416   -6.196
0.424   -6.194
0.432   -6.197
0.440   -6.196
0.448   -6.199
0.457   -6.206
0.497   -6.207
0.505   -6.206

2022 Jan 12 +16.626 
0.412   -6.178
0.420   -6.198
0.424   -6.190
0.428   -6.205
0.432   -6.199
0.436   -6.202
0.440   -6.203
0.444   -6.199
0.448   -6.191
0.452   -6.207
0.457   -6.200
0.461   -6.189
0.493   -6.197
0.497   -6.196
0.501   -6.206
0.505   -6.208
0.509   -6.210
0.513   -6.211
0.517   -6.195
0.521   -6.211
0.525   -6.204
0.529   -6.198
0.533   -6.208
0.537   -6.188
0.541   -6.204
0.545   -6.196
0.549   -6.191
0.553   -6.192
0.553   -6.188
0.557   -6.186
0.561   -6.184
0.565   -6.189
0.570   -6.175
0.574   -6.172
0.578   -6.171
0.582   -6.168
0.586   -6.167
0.590   -6.174
0.594   -6.152
0.598   -6.147
0.602   -6.147
0.606   -6.138
0.610   -6.146
0.614   -6.140
0.618   -6.131
0.622   -6.129
0.626   -6.120
0.630   -6.125
0.634   -6.120
0.638   -6.121
0.642   -6.119
0.646   -6.122
0.650   -6.102
0.650   -6.110
0.654   -6.093
0.658   -6.104
0.662   -6.109
0.666   -6.128
0.670   -6.112
0.674   -6.113
0.678   -6.118
0.683   -6.123
0.687   -6.113
0.691   -6.110
0.695   -6.123
0.699   -6.123
0.703   -6.129
0.707   -6.145
0.711   -6.138
0.715   -6.142
0.715   -6.145
0.719   -6.168
0.723   -6.168

2022 Jan 12 +3.680 
0.235   -6.147
0.239   -6.146
0.243   -6.153
0.247   -6.142
0.252   -6.146
0.256   -6.176
0.260   -6.172
0.264   -6.151
0.264   -6.159
0.268   -6.191
0.272   -6.154
0.276   -6.193
0.284   -6.169
0.288   -6.175
0.292   -6.196
0.296   -6.176
0.300   -6.234
0.304   -6.207
0.308   -6.205
0.312   -6.191
0.316   -6.216
0.328   -6.218
0.332   -6.215
0.332   -6.224
0.336   -6.207
0.340   -6.212
0.344   -6.230
0.348   -6.217
0.352   -6.195
0.356   -6.186
0.360   -6.194
0.365   -6.206
0.369   -6.185
0.373   -6.178
0.377   -6.167
0.381   -6.178
0.385   -6.170
0.389   -6.208
0.393   -6.226
0.397   -6.215
0.397   -6.188
0.401   -6.186
0.409   -6.177
0.409   -6.193
0.413   -6.196
0.417   -6.181
0.421   -6.217
0.425   -6.198
0.429   -6.170
0.433   -6.182
0.437   -6.151
0.441   -6.154
0.445   -6.171
0.449   -6.132
0.453   -6.178
0.457   -6.173
0.461   -6.201
0.469   -6.179
0.486   -6.199

2022 Jan 24 +3.194 
0.580   -6.047
0.584   -6.049
0.588   -6.062
0.592   -6.075
0.596   -6.073
0.600   -6.095
0.604   -6.083
0.608   -6.103
0.612   -6.109
0.616   -6.116
0.621   -6.126
0.625   -6.141
0.629   -6.129
0.633   -6.136
0.637   -6.132
0.641   -6.134
0.645   -6.150
0.645   -6.145
0.649   -6.156
0.653   -6.151
0.657   -6.161
0.665   -6.167
0.669   -6.172
0.673   -6.165
0.677   -6.166
0.681   -6.162
0.685   -6.176
0.689   -6.168
0.693   -6.165
0.697   -6.166
0.701   -6.174
0.701   -6.169
0.705   -6.180
0.709   -6.162
0.713   -6.165
0.717   -6.175
0.721   -6.173
0.725   -6.167
0.729   -6.165
0.734   -6.157
0.738   -6.152
0.742   -6.157
0.746   -6.157
0.750   -6.172
0.754   -6.155
0.758   -6.159
0.762   -6.160
0.766   -6.166
0.766   -6.154
0.770   -6.159
0.774   -6.168
0.778   -6.155
0.782   -6.162
0.786   -6.171
0.790   -6.160
0.798   -6.164
0.802   -6.168
0.806   -6.155
0.810   -6.168
0.814   -6.172
0.818   -6.164
0.826   -6.173
0.834   -6.173
0.842   -6.176
0.847   -6.172
0.855   -6.180
0.859   -6.180
0.863   -6.167
0.867   -6.195
0.875   -6.171
0.879   -6.199
0.883   -6.172
0.887   -6.193
0.891   -6.202
0.895   -6.199
0.899   -6.190
0.903   -6.202
0.903   -6.187
0.907   -6.193
0.911   -6.196
0.915   -6.187
0.919   -6.203
0.923   -6.179
0.927   -6.184
0.931   -6.182
0.935   -6.189

2022 Apr 6  -0.000 
0.000   -6.114
0.002   -6.114
0.005   -6.109
0.007   -6.115
0.009   -6.112
0.012   -6.121
0.014   -6.118
0.017   -6.127
0.019   -6.134
0.022   -6.133
0.024   -6.148
0.026   -6.142
0.029   -6.142
0.031   -6.156
0.034   -6.152
0.039   -6.146
0.041   -6.149
0.044   -6.144
0.046   -6.158
0.048   -6.154
0.051   -6.151
0.053   -6.152
0.056   -6.153
0.059   -6.142
0.062   -6.144
0.064   -6.140
0.066   -6.132
0.069   -6.136
0.071   -6.119
0.074   -6.131
0.076   -6.131
0.079   -6.129
0.081   -6.135
0.083   -6.120
0.086   -6.133
0.088   -6.134
0.091   -6.123
0.093   -6.131
0.096   -6.134
0.098   -6.125
0.100   -6.131
0.103   -6.120
0.105   -6.126
0.108   -6.113
0.110   -6.125
0.113   -6.125
0.115   -6.113
0.118   -6.107
0.120   -6.109
0.122   -6.118
0.125   -6.128
0.127   -6.112
0.130   -6.114
0.132   -6.117
0.135   -6.123
0.137   -6.118
0.139   -6.116
0.142   -6.124
0.144   -6.124
0.147   -6.124
0.149   -6.116
0.152   -6.117
0.154   -6.125
0.156   -6.125
0.159   -6.127
0.161   -6.116
0.164   -6.132
0.166   -6.126
0.169   -6.129
0.172   -6.137
0.174   -6.127
0.177   -6.149
0.179   -6.139
0.182   -6.142
0.184   -6.136
0.187   -6.144
0.189   -6.154
0.192   -6.152
0.194   -6.160
0.196   -6.155
0.199   -6.163
0.201   -6.164
0.204   -6.156
0.206   -6.166
0.209   -6.166
0.211   -6.166
0.213   -6.174
0.216   -6.167
0.218   -6.170
0.221   -6.170
0.223   -6.173
0.226   -6.169
0.228   -6.166
0.230   -6.159
0.233   -6.168
0.235   -6.179
0.238   -6.168
0.240   -6.173
0.243   -6.176
0.245   -6.170
0.247   -6.171
0.250   -6.171
0.252   -6.174
0.255   -6.172
0.257   -6.176
0.260   -6.178
0.262   -6.177
0.265   -6.161
0.267   -6.173
0.269   -6.161
0.272   -6.158
0.274   -6.163
