Uwaga - plik w wersji PAD
859 Bouzareah PERIOD=23.19797 hrs      ZERO PHASE AT    5.25 UT

2018 May 9  +0.047 
0.511   10.048
0.528   10.037
0.580   10.016
0.604    9.988
0.621    9.989
0.649   10.031
0.661    9.998

2018 May 10 +0.047 
0.546    9.994
0.558   10.010
0.574   10.009
0.595   10.037
0.619   10.002
0.643   10.012
0.655   10.031
0.679   10.006

2018 May 14 -0.025 
0.672    9.978
0.684   10.001
0.721    9.997
0.745   10.037
0.765   10.025
0.785   10.025
0.810   10.039

2018 May 15 -0.054 
0.687   10.042
0.699   10.022
0.715   10.021
0.751   10.012
0.771    9.986
0.792   10.001
0.804   10.015
0.840   10.018

2018 May 19 -0.044 
0.817   10.024
0.829   10.026
0.845   10.010
0.906    9.999
0.922    9.972
0.934    9.999
0.966    9.990

2018 May 20 -0.048 
0.843   10.037
0.855   10.006
0.868   10.003
0.900    9.993
0.928    9.985
0.948    9.967
0.965    9.965
0.977    9.990
0.989    9.995

2018 May 25 -0.000 
0.000    9.881
0.012    9.892
0.024    9.891
0.036    9.896
0.061    9.927
0.081    9.947
0.089    9.932
0.101    9.962
0.113    9.992
0.121    9.991
0.133    9.986
0.141    9.977
0.150    9.969
0.154    9.969

2018 May 26 -0.001 
0.031    9.928
0.047    9.916
0.059    9.904
0.067    9.907
0.079    9.903
0.095    9.939
0.123    9.963
0.136    9.973
0.148   10.004
0.164   10.020
0.180   10.017
0.188   10.022

2018 Jun 1  -0.072 
0.218   10.020
0.250   10.027
0.278   10.006
0.311   10.000
0.343   10.002
0.359    9.994

2018 Jun 2  -0.046 
0.248    9.994
0.281   10.018
0.341    9.998
0.386    9.999

2018 Jun 3  -0.008 
0.311   10.020
0.343    9.993
0.376   10.002
0.404    9.995
0.424    9.991

2018 Jun 13 +0.076 
0.592   10.007
0.621   10.007
0.693   10.017
