   HJD    Phase  RV(A)   RV(B) (O-C)A (O-C)B
(2400000+)
45575.9523 0.329  -83.4   +86.4  +3.4   +0.5
45685.6731 0.259  -93.5  +101.0  +3.7   +2.3
45246.9700 0.211  -95.7   +94.9  -0.9   -0.4
46247.9770 0.394  -66.2   +55.3  -2.1   -2.3
46398.7170 0.774  +73.5  -121.1  -1.5   -2.3
50942.9525 0.177  -89.2   +86.2  -0.7   -1.1
51449.8512 0.249  -97.7   +98.7  -0.4   -0.1
51451.9520 0.631  +54.2   -88.5  +1.2   +1.7
51452.6835 0.764  +75.4  -118.3  -0.3   +1.2
51454.8407 0.156  -81.4   +81.9  +1.2   +2.2
51548.5733 0.181  -90.3   +87.6  -1.0   -0.7
51549.6491 0.376  -71.4   +63.7  -0.1   -2.9
51552.5692 0.907  +39.6   -73.0  +2.4   -1.4
51553.6962 0.111  -65.7   +59.8  +0.9   +0.5
51554.6355 0.282  -96.0   +96.6  -0.4   -0.1
51554.6682 0.288  -95.7   +95.1  -0.9   -0.8
51708.8969 0.302  -93.4   +99.0  -0.6   +5.7
51791.8988 0.378  -72.5   +65.0  -1.8   -0.8
51792.9587 0.570  +26.9   -56.5  +0.3   +0.2
51792.9952 0.577  +30.7   -60.3  +0.9   +0.5
51793.8647 0.735  +74.9  -120.0  -0.8   -0.7
51793.9503 0.751  +75.7  -118.6  -0.3   +1.3
51908.5645 0.569  +25.6   -56.5  -0.2   -0.8
51909.6219 0.761  +75.9  -119.4  +0.1   +0.3
51909.7294 0.780  +75.4  -118.4  +1.0   -0.4
51910.5662 0.932  +23.4   -54.5  -1.6   +1.8
51911.5919 0.119  -70.5   +62.4  -0.9   -0.7
51911.6774 0.134  -75.9   +67.8  -0.4   -2.8
