45575.9523 -83.4 
45685.6731 -93.5 
46247.9770 -66.2 
46398.7170 +73.5 
50942.9525 -89.2 
51449.8512 -97.7 
51451.9520 +54.2 
51452.6835 +75.4 
51454.8407 -81.4 
51548.5733 -90.3 
51549.6491 -71.4 
51552.5692 +39.6 
51553.6962 -65.7 
51554.6355 -96.0 
51554.6682 -95.7 
51708.8969 -93.4 
51791.8988 -72.5 
51792.9587 +26.9 
51792.9952 +30.7 
51793.8647 +74.9 
51793.9503 +75.7 
51908.5645 +25.6 
51909.6219 +75.9 
51909.7294 +75.4 
51910.5662 +23.4 
51911.5919 -70.5 
51911.6774 -75.9 
