45575.9523  +86.4  
45685.6731 +101.0  
46247.9770  +55.3  
46398.7170 -121.1  
50942.9525  +86.2  
51449.8512  +98.7  
51451.9520  -88.5  
51452.6835 -118.3  
51454.8407  +81.9  
51548.5733  +87.6  
51549.6491  +63.7  
51552.5692  -73.0  
51553.6962  +59.8  
51554.6355  +96.6  
51554.6682  +95.1  
51708.8969  +99.0  
51791.8988  +65.0  
51792.9587  -56.5  
51792.9952  -60.3  
51793.8647 -120.0  
51793.9503 -118.6  
51908.5645  -56.5  
51909.6219 -119.4  
51909.7294 -118.4  
51910.5662  -54.5  
51911.5919  +62.4  
51911.6774  +67.8  
