Uwaga - plik w wersji PAD
859 Bouzareah PERIOD=24.99495 hrs      ZERO PHASE AT    2.62 UT

2017 Apr 2  -0.153 
0.504   10.079
0.515   10.082
0.526   10.084
0.549   10.052
0.568   10.055
0.583   10.060
0.601   10.078
0.616   10.057
0.635   10.060
0.658   10.071
0.676   10.071
0.691   10.084
0.710   10.075
0.725   10.073
0.744   10.055
0.763   10.089
0.778   10.075
0.793   10.052
0.808   10.094
0.819   10.097
0.834   10.076

2017 Apr 3  -0.152 
0.457   10.092
0.464   10.082
0.475   10.082
0.487   10.083
0.498   10.075
0.505   10.072
0.517   10.067
0.528   10.054
0.539   10.061
0.547   10.075
0.558   10.072
0.592   10.067
0.610   10.085
0.629   10.096
0.648   10.087
0.667   10.091
0.685   10.094
0.704   10.080
0.719   10.074
0.738   10.075
0.760   10.070
0.775   10.068

2017 Apr 5  -0.150 
0.358   10.109
0.370   10.101
0.381   10.106
0.392   10.115
0.403   10.113
0.415   10.083
0.422   10.101
0.433   10.099
0.445   10.093
0.463   10.071
0.478   10.084
0.490   10.074

2017 Apr 6  -0.144 
0.356   10.098
0.371   10.114
0.390   10.097
0.405   10.097
0.420   10.103
0.435   10.105
0.450   10.092

2017 Apr 14 -0.000 
0.000   10.033
0.015   10.012
0.030   10.034
0.041   10.039
0.056   10.035
0.071   10.013
0.086   10.004
0.101   10.048
0.116   10.018
0.128   10.030
0.143   10.011
0.158   10.006
0.169   10.007
0.184   10.029
0.195   10.033
0.210   10.024
0.221   10.046
0.236   10.069
0.248   10.095
0.263   10.102
0.278   10.091
0.285   10.104

2017 Apr 15 -0.005 
0.001   10.050
0.020   10.045
0.043   10.025
0.061   10.026
0.084   10.010
0.103    9.995
0.125   10.015
0.144   10.022
0.166   10.041
0.185   10.030
0.204   10.037
0.226   10.067
0.234   10.084
0.249   10.061
0.260   10.097
0.983   10.051

2017 Apr 18 +0.032 
0.002   10.036
0.025   10.015
0.043   10.023
0.062   10.015
0.085   10.030
0.103   10.006
0.115   10.031
0.130   10.007
0.141   10.030
0.983   10.063

2017 Apr 21 +0.090 
0.725   10.105
0.748   10.069
0.766   10.062
0.785   10.056
0.808   10.064
0.826   10.050
0.849   10.051
0.868   10.059
0.890   10.074
0.909   10.086
0.928   10.061
0.950   10.052
0.969   10.055
0.991   10.051
0.999   10.055

2017 Apr 24 +0.121 
0.621   10.083
0.639   10.075
0.662   10.090
0.681   10.067
0.703   10.080
0.722   10.097
0.744   10.057
0.763   10.061
0.782   10.062
0.804   10.043
0.823   10.083
0.842   10.082
0.861   10.061
