Uwaga - plik w wersji PAD
859 Bouzareah PERIOD=23.15899 hrs      ZERO PHASE AT    16.22 UT

2020 Sep 21 -0.582 
0.460   -2.890
0.464   -2.899
0.468   -2.883
0.472   -2.911
0.476   -2.893
0.480   -2.901
0.484   -2.886
0.488   -2.888
0.492   -2.896
0.496   -2.887
0.500   -2.885
0.504   -2.877
0.504   -2.878
0.508   -2.876
0.512   -2.866
0.516   -2.862
0.520   -2.867
0.524   -2.866
0.528   -2.864
0.532   -2.859
0.536   -2.855
0.541   -2.865
0.541   -2.864
0.545   -2.865
0.553   -2.842
0.557   -2.844
0.561   -2.864
0.565   -2.847
0.569   -2.850
0.573   -2.842
0.577   -2.846
0.577   -2.829
0.581   -2.838
0.585   -2.835
0.589   -2.842
0.593   -2.864
0.597   -2.848
0.601   -2.860
0.605   -2.839
0.609   -2.854
0.609   -2.829
0.613   -2.833
0.617   -2.831
0.621   -2.824

2020 Sep 22 -0.624 
0.411   -2.838
0.419   -2.848
0.427   -2.876
0.472   -2.881
0.480   -2.858
0.488   -2.895
0.496   -2.896
0.500   -2.883
0.508   -2.873
0.516   -2.886
0.524   -2.881
0.532   -2.868
0.536   -2.861
0.544   -2.872
0.553   -2.874
0.565   -2.866
0.597   -2.863
0.605   -2.847
0.609   -2.844
0.617   -2.843
0.625   -2.824
0.633   -2.842
0.642   -2.815
0.646   -2.833
0.654   -2.833
0.662   -2.832
0.670   -2.838
0.678   -2.839

2020 Sep 22 -0.390 
0.427   -2.845
0.435   -2.859
0.443   -2.863
0.451   -2.864
0.455   -2.869
0.463   -2.857
0.471   -2.858
0.480   -2.865
0.488   -2.853
0.492   -2.875
0.500   -2.864
0.508   -2.868
0.516   -2.869
0.524   -2.869
0.528   -2.867
0.536   -2.861
0.544   -2.861
0.552   -2.865
0.561   -2.871
0.565   -2.881
0.573   -2.871
0.581   -2.877
0.589   -2.870
0.597   -2.862
0.601   -2.858
0.609   -2.859
0.658   -2.856
0.706   -2.831

2020 Sep 29 -0.216 
0.726   -2.851
0.734   -2.858
0.738   -2.845
0.746   -2.848
0.754   -2.849
0.762   -2.851
0.770   -2.865
0.778   -2.850
0.786   -2.871
0.795   -2.859
0.803   -2.862
0.807   -2.875
0.815   -2.861
0.823   -2.869
0.831   -2.879
0.839   -2.881
0.843   -2.876
0.851   -2.881
0.859   -2.880
0.867   -2.885
0.876   -2.889
0.880   -2.889
0.888   -2.891
0.896   -2.885
0.904   -2.891
0.912   -2.881
0.916   -2.888
0.924   -2.895
0.932   -2.893
0.940   -2.898

2020 Nov 2  +12.730 
0.001   -2.879
0.005   -2.879
0.013   -2.872
0.017   -2.879
0.021   -2.887
0.029   -2.884
0.033   -2.884
0.041   -2.875
0.045   -2.880
0.049   -2.891
0.058   -2.881
0.066   -2.898
0.070   -2.897
0.074   -2.894
0.082   -2.893
0.086   -2.894
0.094   -2.893
0.098   -2.897
0.106   -2.900
0.110   -2.894
0.883   -2.878
0.892   -2.902
0.896   -2.894
0.904   -2.899
0.912   -2.889
0.916   -2.880
0.924   -2.885
0.928   -2.889
0.932   -2.897
0.940   -2.881
0.944   -2.900
0.948   -2.893
0.956   -2.894
0.960   -2.891
0.968   -2.887
0.972   -2.894
0.977   -2.886
0.985   -2.893
0.989   -2.891
0.997   -2.884

2020 Nov 9  -0.000 
0.000   -2.887
0.004   -2.881
0.008   -2.871
0.012   -2.881
0.016   -2.888
0.020   -2.877
0.024   -2.882
0.024   -2.885
0.028   -2.898
0.032   -2.896
0.049   -2.897
0.065   -2.885
0.069   -2.895
0.073   -2.889
0.077   -2.896
0.081   -2.893
0.085   -2.899
0.089   -2.887
0.093   -2.892
0.093   -2.882
0.097   -2.891
0.101   -2.901
0.105   -2.897
0.109   -2.884
0.113   -2.875
0.117   -2.888
0.121   -2.882
0.125   -2.887
0.130   -2.887
0.134   -2.888
0.138   -2.879
0.142   -2.877
0.146   -2.882
0.150   -2.879
0.154   -2.881
0.158   -2.875
0.162   -2.874
0.166   -2.875
0.170   -2.865
0.174   -2.869
0.178   -2.865
0.182   -2.852
0.186   -2.859
0.190   -2.859
0.190   -2.845
0.194   -2.852
0.198   -2.834
0.202   -2.838
0.206   -2.831
0.211   -2.837
0.215   -2.833
0.219   -2.828
0.223   -2.825
0.227   -2.824
0.231   -2.818
0.235   -2.819
0.239   -2.814
0.243   -2.819
0.247   -2.812
0.251   -2.803
0.255   -2.814
0.259   -2.808
0.263   -2.822
0.267   -2.807
0.271   -2.819
0.275   -2.806
0.279   -2.819
0.283   -2.803
0.287   -2.811
0.287   -2.814
0.291   -2.794
0.296   -2.786
0.300   -2.828
0.304   -2.801
0.308   -2.813
0.312   -2.800
0.316   -2.826
0.320   -2.808
0.324   -2.819
0.328   -2.808
0.332   -2.799
0.336   -2.801
0.340   -2.827
0.344   -2.811
0.348   -2.798
0.352   -2.801
0.356   -2.791
0.360   -2.789
0.364   -2.799
0.368   -2.783
0.372   -2.797
0.372   -2.817
0.376   -2.807
0.381   -2.818
0.389   -2.797

2020 Nov 21 +0.559 
0.460   -2.877
0.464   -2.864
0.468   -2.879
0.472   -2.863
0.476   -2.855
0.480   -2.874
0.484   -2.859
0.488   -2.861
0.496   -2.857
0.501   -2.871
0.505   -2.836
0.509   -2.871
0.509   -2.875
0.513   -2.861
0.513   -2.869
0.517   -2.869
0.517   -2.867
0.521   -2.874
0.521   -2.861
0.525   -2.865
0.525   -2.870
0.529   -2.864
0.529   -2.862
0.533   -2.860
0.533   -2.867
0.537   -2.868
0.541   -2.889
0.541   -2.875
0.545   -2.892
0.545   -2.878
0.549   -2.885
0.549   -2.848
0.553   -2.871
0.553   -2.859
0.557   -2.883
0.557   -2.856
0.561   -2.868
0.561   -2.864
0.565   -2.867
0.565   -2.882
0.569   -2.850
0.569   -2.853
0.573   -2.870
0.573   -2.863
0.577   -2.854
0.577   -2.838
0.582   -2.853
0.582   -2.859
0.586   -2.861
0.586   -2.864
0.590   -2.855
0.590   -2.864
0.594   -2.844
0.594   -2.854
0.598   -2.855
0.598   -2.855
0.602   -2.860
0.602   -2.847
0.606   -2.851
0.606   -2.843
0.610   -2.859
0.610   -2.867
0.614   -2.855
0.614   -2.848
0.618   -2.846
0.618   -2.861
0.622   -2.847
0.622   -2.848
0.626   -2.850
0.626   -2.848
0.630   -2.851
0.630   -2.837
0.634   -2.856
0.634   -2.836
0.638   -2.846
0.638   -2.839
0.642   -2.835
0.642   -2.845
0.646   -2.840
0.646   -2.848
0.650   -2.830
0.650   -2.843
0.654   -2.839
0.654   -2.842
0.658   -2.857
0.658   -2.844
0.662   -2.843
0.662   -2.840
0.667   -2.848
0.667   -2.857

2020 Nov 22 -0.693 
0.415   -2.861
0.440   -2.848
0.444   -2.859
0.452   -2.881
0.456   -2.866
0.472   -2.865
0.492   -2.855
0.496   -2.869
0.500   -2.869
0.504   -2.876
0.509   -2.860
0.513   -2.858
0.517   -2.849
0.521   -2.841
0.525   -2.843
0.533   -2.852
0.537   -2.859
0.541   -2.862
0.545   -2.859
0.549   -2.862
0.553   -2.875
0.557   -2.867
0.561   -2.868
0.565   -2.841
0.573   -2.847
0.577   -2.838
0.581   -2.853
0.585   -2.849
0.589   -2.860
0.594   -2.856
0.598   -2.848
0.602   -2.837
0.606   -2.855
0.614   -2.842
0.618   -2.847
0.622   -2.855
0.626   -2.847
0.630   -2.868
0.634   -2.857
0.638   -2.867
0.642   -2.867
0.646   -2.870
0.650   -2.862
0.654   -2.857
0.658   -2.857
0.666   -2.849
0.670   -2.845
0.674   -2.843
0.679   -2.836
0.683   -2.865
0.687   -2.850
0.691   -2.844
0.695   -2.856
0.699   -2.858
0.703   -2.856
0.707   -2.876
0.711   -2.868
0.719   -2.854
0.723   -2.858
0.727   -2.867
0.731   -2.866
0.735   -2.850
0.739   -2.860
0.747   -2.875
0.751   -2.843
0.755   -2.845
0.760   -2.848
0.764   -2.860
0.768   -2.856
0.772   -2.861
0.776   -2.843
0.780   -2.837
0.784   -2.843
