Uwaga - plik w wersji PAD
859 Bouzareah PERIOD=24.90700 hrs      ZERO PHASE AT 2015 Dec 30   22.41 UT

2015 Dec 31 -0.000 

0.000   -3.645
0.000   -3.636
0.004   -3.653
0.008   -3.648
0.011   -3.653
0.015   -3.652
0.015   -3.647
0.019   -3.650
0.023   -3.649
0.023   -3.657
0.026   -3.651
0.030   -3.667
0.038   -3.658
0.038   -3.653
0.041   -3.662
0.045   -3.640
0.045   -3.662
0.049   -3.673
0.053   -3.667
0.056   -3.674
0.056   -3.677
0.060   -3.674
0.072   -3.679
0.072   -3.679
0.075   -3.678
0.079   -3.682
0.083   -3.675
0.083   -3.670
0.087   -3.669
0.090   -3.681
0.094   -3.665
0.094   -3.657
0.098   -3.658
0.102   -3.655
0.102   -3.660
0.105   -3.647
0.109   -3.647
0.113   -3.651
0.113   -3.653
0.117   -3.634
0.120   -3.649
0.124   -3.637
0.147   -3.607
0.151   -3.613
0.151   -3.607
0.154   -3.599
0.158   -3.602
0.162   -3.598
0.162   -3.593
0.166   -3.593
0.169   -3.601
0.169   -3.593
0.173   -3.594
0.177   -3.586
0.181   -3.579
0.181   -3.591
0.184   -3.581
0.188   -3.568
0.192   -3.577
0.192   -3.578
0.196   -3.596
0.199   -3.571
0.203   -3.575
0.203   -3.577
0.207   -3.555
0.211   -3.569
0.211   -3.573
0.222   -3.556
0.222   -3.549
0.226   -3.574
0.230   -3.574
0.230   -3.566
0.233   -3.571
0.237   -3.558
0.241   -3.565
0.241   -3.588
0.245   -3.583

2016 Feb 5  +13.713 

0.468   -3.672
0.472   -3.685
0.476   -3.682
0.476   -3.672
0.479   -3.674
0.483   -3.664
0.487   -3.682
0.487   -3.680
0.491   -3.661
0.495   -3.658
0.502   -3.644
0.506   -3.624
0.506   -3.648
0.510   -3.638
0.513   -3.632
0.517   -3.624
0.517   -3.625
0.521   -3.633
0.525   -3.653
0.540   -3.643
0.540   -3.619
0.543   -3.621
0.543   -3.592
0.547   -3.610
0.547   -3.625
0.551   -3.598
0.551   -3.615
0.555   -3.617
0.559   -3.599
0.559   -3.595
0.562   -3.599
0.562   -3.598
0.566   -3.602
0.566   -3.607
0.570   -3.610
0.570   -3.603
0.574   -3.597
0.574   -3.590
0.577   -3.605
0.581   -3.612
0.581   -3.592
0.585   -3.596
0.585   -3.574
0.589   -3.575
0.589   -3.578
0.592   -3.577
0.592   -3.571
0.596   -3.567
0.596   -3.545
0.607   -3.521
0.607   -3.553
0.611   -3.544
0.615   -3.535

2016 Feb 15 +0.000 

0.722   -3.296
0.726   -3.295
0.730   -3.288
0.737   -3.288
0.741   -3.279
0.745   -3.281
0.748   -3.282
0.752   -3.287
0.756   -3.286

2016 Feb 24 +0.571 

0.000   -3.628
0.076   -3.714
0.083   -3.679
0.820   -3.560
0.827   -3.584
0.835   -3.596
0.838   -3.603
0.846   -3.614
0.853   -3.618
0.869   -3.643
0.872   -3.648
0.884   -3.637
0.891   -3.644
0.895   -3.653
0.921   -3.595
0.929   -3.609
0.933   -3.611
0.944   -3.623
0.955   -3.596
0.963   -3.600
0.970   -3.578
0.978   -3.588
0.985   -3.603
0.993   -3.614

2016 Feb 25 +0.456 

0.023   -3.618
0.027   -3.640
0.034   -3.630
0.042   -3.657
0.049   -3.671
0.057   -3.673
0.060   -3.669
0.068   -3.645

2016 Feb 25 +13.816 

0.004   -3.633
0.008   -3.668
0.012   -3.664
0.019   -3.645
0.023   -3.640
0.027   -3.656
0.030   -3.664
0.034   -3.617
0.042   -3.673
0.049   -3.665
0.064   -3.636
0.068   -3.676
0.072   -3.655
0.076   -3.676
0.079   -3.648
0.083   -3.636
0.087   -3.623
0.091   -3.620
0.094   -3.646
0.098   -3.665
0.106   -3.652
0.109   -3.661
0.113   -3.659
0.117   -3.656
0.124   -3.683
0.136   -3.677
0.997   -3.585

2016 Feb 25 +0.567 

0.226   -3.600
0.230   -3.591
0.234   -3.575
0.241   -3.571
0.245   -3.562
0.252   -3.557
0.256   -3.548
0.264   -3.554
0.268   -3.558
0.275   -3.559
0.279   -3.553
0.283   -3.555
0.290   -3.567
0.294   -3.575
0.301   -3.576
0.305   -3.586
0.313   -3.590
0.316   -3.610
0.320   -3.612
0.328   -3.614
0.331   -3.618
0.339   -3.627
0.343   -3.640
0.350   -3.640
0.354   -3.642
0.358   -3.658
0.365   -3.657
0.369   -3.665
0.377   -3.659
0.380   -3.660
0.388   -3.667
0.392   -3.664
0.399   -3.662
0.403   -3.660
0.407   -3.668
0.414   -3.672

2016 Mar 4  -0.908 
0.003   -3.617
0.006   -3.627
0.014   -3.625
0.018   -3.626
0.025   -3.633
0.029   -3.643
0.033   -3.648
0.040   -3.637
0.044   -3.653
0.051   -3.661
0.055   -3.651
0.063   -3.664
0.067   -3.656
0.070   -3.658
0.078   -3.668
0.082   -3.671
0.089   -3.672
0.093   -3.673
0.100   -3.664
0.104   -3.662
0.112   -3.663
0.829   -3.591
0.833   -3.598
0.841   -3.612
0.844   -3.617
0.852   -3.619
0.856   -3.632
0.863   -3.636
0.867   -3.658
0.871   -3.662
0.878   -3.670
0.882   -3.664
0.890   -3.653
0.893   -3.645
0.901   -3.635
0.905   -3.630
0.908   -3.622
0.916   -3.621
0.920   -3.620
0.927   -3.611
0.931   -3.611
0.939   -3.601
0.942   -3.601
0.946   -3.592
0.954   -3.593
0.957   -3.588
0.965   -3.596
0.969   -3.605
0.976   -3.592
0.980   -3.592
0.987   -3.602
0.991   -3.606
0.995   -3.614

2016 Mar 7  -0.102 
0.856   -3.626
0.859   -3.627
0.867   -3.632
0.871   -3.637
0.874   -3.633
0.882   -3.630
0.886   -3.629
0.893   -3.631
0.897   -3.626
0.905   -3.626
0.908   -3.622
0.916   -3.620
0.920   -3.615
0.923   -3.608
0.931   -3.604
0.935   -3.596
0.942   -3.598
0.946   -3.593
0.954   -3.594
0.957   -3.593
0.961   -3.596
0.969   -3.592
0.976   -3.597
0.980   -3.607
0.987   -3.608
0.991   -3.624

2016 Mar 19 +14.158 
0.000   -3.532
0.004   -3.527
0.008   -3.552
0.011   -3.546
0.015   -3.546
0.019   -3.566
0.023   -3.574
0.027   -3.583
0.034   -3.621
0.042   -3.631
0.049   -3.629
0.057   -3.618
0.064   -3.641
0.072   -3.659
0.079   -3.688
0.087   -3.709
0.094   -3.711
0.102   -3.723
0.106   -3.715
0.113   -3.716
0.121   -3.695
0.128   -3.712
0.136   -3.720
0.143   -3.697
0.151   -3.703
0.158   -3.675
0.166   -3.685
0.173   -3.640
0.192   -3.582
0.200   -3.594
0.207   -3.616
0.219   -3.624
0.948   -3.593
0.951   -3.565
0.955   -3.587
0.959   -3.604
0.966   -3.618
0.970   -3.600
0.974   -3.599
0.978   -3.603
0.981   -3.603
0.985   -3.597
0.989   -3.589
0.996   -3.539
