waveobs	flux	err
585.1343362784963	1e-10	0.0
585.1353362784963	0.9843243756806691	0.0
585.1363362784963	0.9844373661117918	0.0
585.1373362784963	0.9845876230392168	0.0
585.1383362784962	0.9847849333012941	0.0
585.1393362784962	0.9850392193038608	0.0
585.1403362784962	0.985359277657806	0.0
585.1413362784962	0.9857517012749903	0.0
585.1423362784961	0.9862206103629891	0.0
585.1433362784961	0.9867683754453503	0.0
585.1443362784961	0.9873969410041188	0.0
585.1453362784961	0.9881090141696383	0.0
585.146336278496	0.9889084727731073	0.0
585.147336278496	0.9897995338966553	0.0
585.148336278496	0.9907843044142852	0.0
585.149336278496	0.9918585706887051	0.0
585.150336278496	0.9930064934184396	0.0
585.1513362784959	0.9941961173952794	0.0
585.1523362784959	0.9953787813850933	0.0
585.1533362784959	0.9964946694416612	0.0
585.1543362784959	0.9974844010898052	0.0
585.1553362784958	0.9983029226933854	0.0
585.1563362784958	0.9989299751961684	0.0
585.1573362784958	0.9993726487639153	0.0
585.1583362784958	0.9996594716339876	0.0
585.1593362784957	0.9998295062785166	0.0
585.1603362784957	0.9999215103419797	0.0
585.1613362784957	0.9999668639498175	0.0
585.1623362784957	0.9999872024660635	0.0
585.1633362784956	0.9999954899567234	0.0
585.1643362784956	0.9999985552978545	0.0
585.1653362784956	0.9999995831985575	0.0
585.1663362784956	0.999999894819355	0.0
585.1673362784956	0.9999999792920892	0.0
585.1683362784955	0.999999998513373	0.0
585.1693362784955	0.999999999999879	0.0
585.1703362784955	0.9999999999983886	0.0
585.1713362784955	0.9999999999882052	0.0
585.1723362784954	0.9999999999387607	0.0
585.1733362784954	0.9999999997411255	0.0
585.1743362784954	0.9999999990485957	0.0
585.1753362784954	0.9999999968593937	0.0
585.1763362784953	0.9999999905327663	0.0
585.1773362784953	0.99999997370797	0.0
585.1783362784953	0.9999999323893215	0.0
585.1793362784953	0.999999838442198	0.0
585.1803362784952	0.9999996401980276	0.0
585.1813362784952	0.9999992509897385	0.0
585.1823362784952	0.9999985380630412	0.0
585.1833362784952	0.9999973156015559	0.0
585.1843362784952	0.9999953450343422	0.0
585.1853362784951	0.999992341439062	0.0
585.1863362784951	0.9999879748715776	0.0
585.1873362784951	0.9999818381929252	0.0
585.1883362784951	0.9999733270086888	0.0
585.189336278495	0.999961342486801	0.0
585.190336278495	0.9999436885926958	0.0
585.191336278495	0.9999160079367062	0.0
585.192336278495	0.9998701194469415	0.0
585.1933362784949	0.9997917362208866	0.0
585.1943362784949	0.9996577944541153	0.0
585.1953362784949	0.9994340027795752	0.0
585.1963362784949	0.9990736166496273	0.0
585.1973362784948	0.9985186439520939	0.0
585.1983362784948	0.9977044570914976	0.0
585.1993362784948	0.9965679991683756	0.0
585.2003362784948	0.995058558431798	0.0
585.2013362784948	0.993148861568036	0.0
585.2023362784947	0.9908435592941133	0.0
585.2033362784947	0.9881824719446369	0.0
585.2043362784947	0.9852372671360383	0.0
585.2053362784947	0.9821021332432049	0.0
585.2063362784946	0.9788807735901665	0.0
585.2073362784946	0.9756729955817264	0.0
585.2083362784946	0.9725639808623117	0.0
585.2093362784946	0.9696181633783112	0.0
585.2103362784945	0.9668780575219499	0.0
585.2113362784945	0.9643670055140161	0.0
585.2123362784945	0.9620940859195846	0.0
585.2133362784945	0.9600594273304014	0.0
585.2143362784944	0.9582586858188635	0.0
585.2153362784944	0.9566861309051881	0.0
585.2163362784944	0.9553363577739885	0.0
585.2173362784944	0.954204967932349	0.0
585.2183362784943	0.953288643352407	0.0
585.2193362784943	0.9525849660410001	0.0
585.2203362784943	0.9520922032965424	0.0
585.2213362784943	0.9518091579776955	0.0
585.2223362784943	0.9517351043188028	0.0
585.2233362784942	0.9518697953520616	0.0
585.2243362784942	0.9522135243329112	0.0
585.2253362784942	0.9527672321996246	0.0
585.2263362784942	0.9535326611264306	0.0
585.2273362784941	0.9545125499968631	0.0
585.2283362784941	0.9557108433301651	0.0
585.2293362784941	0.9571328336997764	0.0
585.2303362784941	0.9587850753008994	0.0
585.231336278494	0.9606748026251879	0.0
585.232336278494	0.9628085016748756	0.0
585.233336278494	0.9651892871421031	0.0
585.234336278494	0.967812932216022	0.0
585.235336278494	0.9706628373354563	0.0
585.2363362784939	0.9737048580391993	0.0
585.2373362784939	0.9768835277684591	0.0
585.2383362784939	0.9801214768625537	0.0
585.2393362784939	0.9833234615896546	0.0
585.2403362784938	0.9863853041864885	0.0
585.2413362784938	0.9892064893153424	0.0
585.2423362784938	0.9917037439038606	0.0
585.2433362784938	0.9938222742130987	0.0
585.2443362784937	0.9955418054483307	0.0
585.2453362784937	0.9968760496525816	0.0
585.2463362784937	0.9978661572134325	0.0
585.2473362784937	0.9985703408532492	0.0
585.2483362784936	0.9990526164935104	0.0
585.2493362784936	0.9993733159895265	0.0
585.2503362784936	0.9995829691314871	0.0
585.2513362784936	0.9997198574247631	0.0
585.2523362784935	0.9998105150718819	0.0
585.2533362784935	0.9998719625565726	0.0
585.2543362784935	0.9999144913615817	0.0
585.2553362784935	0.9999441737220323	0.0
585.2563362784934	0.999964708510654	0.0
585.2573362784934	0.9999785627809291	0.0
585.2583362784934	0.9999875623619598	0.0
585.2593362784934	0.9999931397719298	0.0
585.2603362784934	0.9999964165210682	0.0
585.2613362784933	0.9999982331365918	0.0
585.2623362784933	0.9999991801615933	0.0
585.2633362784933	0.9999996430329045	0.0
585.2643362784933	0.9999998545798705	0.0
585.2653362784932	0.9999999447542042	0.0
585.2663362784932	0.9999999805065328	0.0
585.2673362784932	0.9999999936481386	0.0
585.2683362784932	0.9999999981060445	0.0
585.2693362784931	0.9999999994913714	0.0
585.2703362784931	0.9999999998804708	0.0
585.2713362784931	0.9999999999766986	0.0
585.2723362784931	0.9999999999966016	0.0
585.273336278493	0.9999999999995677	0.0
585.274336278493	0.9999999999979942	0.0
585.275336278493	0.9999999999836034	0.0
585.276336278493	0.999999999904966	0.0
585.277336278493	0.9999999995567981	0.0
585.2783362784929	0.9999999982230547	0.0
585.2793362784929	0.9999999936538905	0.0
585.2803362784929	0.9999999793986936	0.0
585.2813362784929	0.999999938469137	0.0
585.2823362784928	0.9999998296336706	0.0
585.2833362784928	0.9999995605325073	0.0
585.2843362784928	0.9999989401089315	0.0
585.2853362784928	0.9999976034055957	0.0
585.2863362784927	0.9999949071437142	0.0
585.2873362784927	0.9999898068302373	0.0
585.2883362784927	0.9999807449280059	0.0
585.2893362784927	0.9999655994434947	0.0
585.2903362784926	0.9999417523300923	0.0
585.2913362784926	0.999906324708791	0.0
585.2923362784926	0.9998565841748861	0.0
585.2933362784926	0.9997904654581045	0.0
585.2943362784926	0.9997070829573423	0.0
585.2953362784925	0.9996070840115298	0.0
585.2963362784925	0.9994927183153458	0.0
585.2973362784925	0.9993675797758287	0.0
585.2983362784925	0.9992360819015653	0.0
585.2993362784924	0.9991028114915845	0.0
585.3003362784924	0.998971932409756	0.0
585.3013362784924	0.9988467744229332	0.0
585.3023362784924	0.998729664347618	0.0
585.3033362784923	0.9986219757496912	0.0
585.3043362784923	0.99852432059486	0.0
585.3053362784923	0.9984367932764405	0.0
585.3063362784923	0.9983591963565225	0.0
585.3073362784922	0.9982912102054771	0.0
585.3083362784922	0.998232498924938	0.0
585.3093362784922	0.9981827637071706	0.0
585.3103362784922	0.9981417614064727	0.0
585.3113362784921	0.9981093045180804	0.0
585.3123362784921	0.9980852537676776	0.0
585.3133362784921	0.9980695095036717	0.0
585.3143362784921	0.9980620045539075	0.0
585.315336278492	0.9980626993070181	0.0
585.316336278492	0.9980715790473168	0.0
585.317336278492	0.9980886534809985	0.0
585.318336278492	0.998113958535228	0.0
585.319336278492	0.9981475605961849	0.0
585.3203362784919	0.9981895630753903	0.0
585.3213362784919	0.9982401141395806	0.0
585.3223362784919	0.9982994121038866	0.0
585.3233362784919	0.9983677010217729	0.0
585.3243362784918	0.9984452438101993	0.0
585.3253362784918	0.9985322557039462	0.0
585.3263362784918	0.9986287806642613	0.0
585.3273362784918	0.9987345020914636	0.0
585.3283362784917	0.9988484990124584	0.0
585.3293362784917	0.9989689854953154	0.0
585.3303362784917	0.999093089220377	0.0
585.3313362784917	0.9992167037176745	0.0
585.3323362784917	0.9993343516143913	0.0
585.3333362784916	0.9994388009983043	0.0
585.3343362784916	0.9995198965037098	0.0
585.3353362784916	0.9995617912148038	0.0
585.3363362784916	0.9995376950208533	0.0
585.3373362784915	0.9994016715143245	0.0
585.3383362784915	0.9990781436480421	0.0
585.3393362784915	0.9984515259939943	0.0
585.3403362784915	0.9973601661924261	0.0
585.3413362784914	0.9955994633224303	0.0
585.3423362784914	0.9929376515238755	0.0
585.3433362784914	0.9891442106139934	0.0
585.3443362784914	0.9840264159890779	0.0
585.3453362784913	0.9774661703627257	0.0
585.3463362784913	0.9694485081923456	0.0
585.3473362784913	0.960075136936088	0.0
585.3483362784913	0.9495599131629575	0.0
585.3493362784913	0.9382068869221626	0.0
585.3503362784912	0.9263748089798993	0.0
585.3513362784912	0.9144346523568784	0.0
585.3523362784912	0.9027284026744415	0.0
585.3533362784912	0.8915372744253304	0.0
585.3543362784911	0.881064974576012	0.0
585.3553362784911	0.8714371879418185	0.0
585.3563362784911	0.8627138681859117	0.0
585.3573362784911	0.8549081449726428	0.0
585.358336278491	0.8480055894983923	0.0
585.359336278491	0.8419796172818256	0.0
585.360336278491	0.8368015054067665	0.0
585.361336278491	0.8324455836156074	0.0
585.362336278491	0.8288911108998069	0.0
585.3633362784909	0.8261223655420584	0.0
585.3643362784909	0.8241280375601675	0.0
585.3653362784909	0.8229005215093634	0.0
585.3663362784908	0.8224353587413569	0.0
585.3673362784908	0.8227308957589959	0.0
585.3683362784908	0.8237881575150539	0.0
585.3693362784908	0.8256109279345851	0.0
585.3703362784908	0.8282060462252859	0.0
585.3713362784907	0.8315839291994344	0.0
585.3723362784907	0.8357592787950608	0.0
585.3733362784907	0.8407517782250403	0.0
585.3743362784907	0.8465862608995891	0.0
585.3753362784906	0.853291355945224	0.0
585.3763362784906	0.8608951309062566	0.0
585.3773362784906	0.8694161383390057	0.0
585.3783362784906	0.8788490187789009	0.0
585.3793362784905	0.8891457000130579	0.0
585.3803362784905	0.9001958967418096	0.0
585.3813362784905	0.911812894574805	0.0
585.3823362784905	0.9237310213980814	0.0
585.3833362784904	0.9356189483715417	0.0
585.3843362784904	0.9471086263198609	0.0
585.3853362784904	0.9578350707072869	0.0
585.3863362784904	0.9674792340054966	0.0
585.3873362784904	0.9758056230584089	0.0
585.3883362784903	0.9826876682123385	0.0
585.3893362784903	0.9881162875025326	0.0
585.3903362784903	0.992190202413421	0.0
585.3913362784903	0.9950902527360773	0.0
585.3923362784902	0.9970436753899241	0.0
585.3933362784902	0.9982867477746792	0.0
585.3943362784902	0.9990340343742862	0.0
585.3953362784902	0.9994595406543919	0.0
585.3963362784901	0.9996907079473543	0.0
585.3973362784901	0.9998124000347728	0.0
585.3983362784901	0.9998762546653939	0.0
585.3993362784901	0.999911121549077	0.0
585.40033627849	0.9999318912961539	0.0
585.40133627849	0.999945733741609	0.0
585.40233627849	0.9999559263689187	0.0
585.40333627849	0.9999639388306726	0.0
585.40433627849	0.9999704550074032	0.0
585.4053362784899	0.99997583024654	0.0
585.4063362784899	0.9999802812248576	0.0
585.4073362784899	0.9999839617358167	0.0
585.4083362784899	0.9999869929999979	0.0
585.4093362784898	0.9999894760690641	0.0
585.4103362784898	0.9999914974629991	0.0
585.4113362784898	0.999993132223376	0.0
585.4123362784898	0.9999944457792481	0.0
585.4133362784897	0.9999954951416715	0.0
585.4143362784897	0.9999963296842784	0.0
585.4153362784897	0.9999969916875209	0.0
585.4163362784897	0.9999975167948043	0.0
585.4173362784896	0.9999979344928748	0.0
585.4183362784896	0.9999982686780358	0.0
585.4193362784896	0.9999985383131428	0.0
585.4203362784896	0.9999987581420174	0.0
585.4213362784895	0.9999989394149426	0.0
585.4223362784895	0.9999990905850317	0.0
585.4233362784895	0.999999217945075	0.0
585.4243362784895	0.9999993261819858	0.0
585.4253362784895	0.9999994188313858	0.0
585.4263362784894	0.9999994986231218	0.0
585.4273362784894	0.9999995677202691	0.0
585.4283362784894	0.9999996278687321	0.0
585.4293362784894	0.999999680485562	0.0
585.4303362784893	0.99999972671629	0.0
585.4313362784893	0.9999997674830541	0.0
585.4323362784893	0.9999998035301869	0.0
585.4333362784893	0.9999998354616622	0.0
585.4343362784892	0.999999863762923	0.0
585.4353362784892	0.9999998888075804	0.0
585.4363362784892	0.9999999108594626	0.0
585.4373362784892	0.9999999300839354	0.0
585.4383362784891	0.9999999465767314	0.0
585.4393362784891	0.9999999604080388	0.0
585.4403362784891	0.9999999716706843	0.0
585.4413362784891	0.999999980518406	0.0
585.442336278489	0.9999999871836545	0.0
585.443336278489	0.9999999919714339	0.0
585.444336278489	0.9999999952331646	0.0
585.445336278489	0.999999997329788	0.0
585.446336278489	0.9999999985951292	0.0
585.4473362784889	0.9999999993087634	0.0
585.4483362784889	0.9999999996832379	0.0
585.4493362784889	0.9999999998653318	0.0
585.4503362784889	0.9999999999470852	0.0
585.4513362784888	0.9999999999808611	0.0
585.4523362784888	0.9999999999936607	0.0
585.4533362784888	0.9999999999980937	0.0
585.4543362784888	0.9999999999994889	0.0
585.4553362784887	0.999999999999883	0.0
585.4563362784887	0.9999999999999801	0.0
585.4573362784887	0.9999999999999988	0.0
585.4583362784887	1.0	0.0
585.4593362784886	0.9999999999999943	0.0
585.4603362784886	0.9999999999998	0.0
585.4613362784886	0.999999999997306	0.0
585.4623362784886	0.999999999980947	0.0
585.4633362784886	0.999999999904266	0.0
585.4643362784885	0.9999999996067976	0.0
585.4653362784885	0.9999999985865717	0.0
585.4663362784885	0.9999999954093224	0.0
585.4673362784885	0.9999999863190921	0.0
585.4683362784884	0.9999999622623198	0.0
585.4693362784884	0.9999999030210652	0.0
585.4703362784884	0.9999997663659693	0.0
585.4713362784884	0.9999994686501736	0.0
585.4723362784883	0.9999988498763528	0.0
585.4733362784883	0.9999976086110245	0.0
585.4743362784883	0.9999951771140017	0.0
585.4753362784883	0.9999904828166031	0.0
585.4763362784882	0.999981512244304	0.0
585.4773362784882	0.9999645715443725	0.0
585.4783362784882	0.9999331511659793	0.0
585.4793362784882	0.9998763865922744	0.0
585.4803362784882	0.9997772882530856	0.0
585.4813362784881	0.999611177923107	0.0
585.4823362784881	0.9993450346416556	0.0
585.4833362784881	0.998938572500265	0.0
585.4843362784881	0.9983476836361002	0.0
585.485336278488	0.9975303053743106	0.0
585.486336278488	0.9964539143879269	0.0
585.487336278488	0.9951030159015533	0.0
585.488336278488	0.9934845786377474	0.0
585.4893362784879	0.9916296560036727	0.0
585.4903362784879	0.9895904287294025	0.0
585.4913362784879	0.9874332629033407	0.0
585.4923362784879	0.9852295624645998	0.0
585.4933362784878	0.983046734334784	0.0
585.4943362784878	0.9809413028610614	0.0
585.4953362784878	0.9789552998252099	0.0
585.4963362784878	0.9771159490187625	0.0
585.4973362784878	0.9754377994482617	0.0
585.4983362784877	0.9739260857585229	0.0
585.4993362784877	0.9725801990135954	0.0
585.5003362784877	0.9713965439921399	0.0
585.5013362784877	0.9703705054835319	0.0
585.5023362784876	0.9694975799090864	0.0
585.5033362784876	0.9687738934279938	0.0
585.5043362784876	0.9681963519596793	0.0
585.5053362784876	0.96776261549464	0.0
585.5063362784875	0.9674710157614288	0.0
585.5073362784875	0.967320475948583	0.0
585.5083362784875	0.9673104539749049	0.0
585.5093362784875	0.9674409135357507	0.0
585.5103362784874	0.9677123222239061	0.0
585.5113362784874	0.9681256765988258	0.0
585.5123362784874	0.9686825550271708	0.0
585.5133362784874	0.9693851954140059	0.0
585.5143362784873	0.9702365799841713	0.0
585.5153362784873	0.9712404752403582	0.0
585.5163362784873	0.9724013177793622	0.0
585.5173362784873	0.9737237634785206	0.0
585.5183362784873	0.9752116583941823	0.0
585.5193362784872	0.9768661989544251	0.0
585.5203362784872	0.9786831912495559	0.0
585.5213362784872	0.9806496308236466	0.0
585.5223362784872	0.9827402631382984	0.0
585.5233362784871	0.9849151993713677	0.0
585.5243362784871	0.987119821311592	0.0
585.5253362784871	0.9892879063430824	0.0
585.5263362784871	0.9913480971698412	0.0
585.527336278487	0.9932327431200098	0.0
585.528336278487	0.9948871731575131	0.0
585.529336278487	0.9962770731020424	0.0
585.530336278487	0.9973920670936324	0.0
585.531336278487	0.9982447221076955	0.0
585.5323362784869	0.9988655616851453	0.0
585.5333362784869	0.9992957461740013	0.0
585.5343362784869	0.9995794720086947	0.0
585.5353362784869	0.999757811786771	0.0
585.5363362784868	0.9998649180172136	0.0
585.5373362784868	0.999926639973671	0.0
585.5383362784868	0.9999609793426067	0.0
585.5393362784868	0.9999795689526497	0.0
585.5403362784867	0.9999894434194128	0.0
585.5413362784867	0.9999946249264801	0.0
585.5423362784867	0.9999973176514161	0.0
585.5433362784867	0.9999986989698232	0.0
585.5443362784866	0.9999993925041604	0.0
585.5453362784866	0.9999997294574684	0.0
585.5463362784866	0.9999998860343569	0.0
585.5473362784866	0.9999999549087164	0.0
585.5483362784865	0.9999999833403043	0.0
585.5493362784865	0.9999999942459205	0.0
585.5503362784865	0.9999999979657137	0.0
585.5513362784865	0.9999999985453593	0.0
585.5523362784865	0.9999999965594204	0.0
585.5533362784864	0.9999999894057987	0.0
585.5543362784864	0.9999999690408847	0.0
585.5553362784864	0.9999999161827472	0.0
585.5563362784864	0.9999997892639723	0.0
585.5573362784863	0.9999995063216924	0.0
585.5583362784863	0.9999989192260601	0.0
585.5593362784863	0.9999977826985508	0.0
585.5603362784863	0.9999957252592847	0.0
585.5613362784862	0.9999922341137014	0.0
585.5623362784862	0.999986668385829	0.0
585.5633362784862	0.9999783121656278	0.0
585.5643362784862	0.9999664692264111	0.0
585.5653362784861	0.9999505867620723	0.0
585.5663362784861	0.9999303811635654	0.0
585.5673362784861	0.9999059313158888	0.0
585.5683362784861	0.99987770899231	0.0
585.569336278486	0.9998465315834814	0.0
585.570336278486	0.9998134436729594	0.0
585.571336278486	0.9997795509849957	0.0
585.572336278486	0.99974583305033	0.0
585.573336278486	0.9997129428063429	0.0
585.5743362784859	0.9996809601059236	0.0
585.5753362784859	0.9996490042795142	0.0
585.5763362784859	0.999614537697042	0.0
585.5773362784859	0.9995721308180985	0.0
585.5783362784858	0.9995114551877802	0.0
585.5793362784858	0.9994143922224067	0.0
585.5803362784858	0.9992514562347945	0.0
585.5813362784858	0.9989782323495017	0.0
585.5823362784857	0.9985330998536094	0.0
585.5833362784857	0.9978378816628809	0.0
585.5843362784857	0.9968029025193376	0.0
585.5853362784857	0.9953370438672327	0.0
585.5863362784856	0.993361855316378	0.0
585.5873362784856	0.9908270989153881	0.0
585.5883362784856	0.9877239625309431	0.0
585.5893362784856	0.9840921823948703	0.0
585.5903362784856	0.9800186440086638	0.0
585.5913362784855	0.9756273141282243	0.0
585.5923362784855	0.9710627991948547	0.0
585.5933362784855	0.966471537430641	0.0
585.5943362784855	0.961985006933507	0.0
585.5953362784854	0.957708305511818	0.0
585.5963362784854	0.9537155200148254	0.0
585.5973362784854	0.9500512565829273	0.0
585.5983362784854	0.9467362842087238	0.0
585.5993362784853	0.9437748066524391	0.0
585.6003362784853	0.9411613108063098	0.0
585.6013362784853	0.9388858248848267	0.0
585.6023362784853	0.9369373002578073	0.0
585.6033362784852	0.9353054172613788	0.0
585.6043362784852	0.9339813438737615	0.0
585.6053362784852	0.9329579402149065	0.0
585.6063362784852	0.9322297440746798	0.0
585.6073362784851	0.9317929071225614	0.0
585.6083362784851	0.9316451360016356	0.0
585.6093362784851	0.9317856384489209	0.0
585.6103362784851	0.9322150671839354	0.0
585.611336278485	0.9329354705381984	0.0
585.612336278485	0.933950276644221	0.0
585.613336278485	0.9352643400795714	0.0
585.614336278485	0.9368840528149884	0.0
585.615336278485	0.9388174537940843	0.0
585.6163362784849	0.9410741565447549	0.0
585.6173362784849	0.9436647607573103	0.0
585.6183362784849	0.9465992666912378	0.0
585.6193362784849	0.9498839667341722	0.0
585.6203362784848	0.9535164781642381	0.0
585.6213362784848	0.9574791063834823	0.0
585.6223362784848	0.961731556067028	0.0
585.6233362784848	0.9662048952882257	0.0
585.6243362784847	0.9707992007832462	0.0
585.6253362784847	0.9753870431679053	0.0
585.6263362784847	0.9798237332812039	0.0
585.6273362784847	0.9839633037606196	0.0
585.6283362784847	0.9876772053570844	0.0
585.6293362784846	0.9908714565726489	0.0
585.6303362784846	0.9934980704727452	0.0
585.6313362784846	0.9955580575807753	0.0
585.6323362784846	0.9970956704194581	0.0
585.6333362784845	0.9981859536920393	0.0
585.6343362784845	0.9989192372752701	0.0
585.6353362784845	0.9993864692006363	0.0
585.6363362784845	0.999668305999249	0.0
585.6373362784844	0.9998292118861319	0.0
585.6383362784844	0.9999161934543392	0.0
585.6393362784844	0.9999607623672128	0.0
585.6403362784844	0.9999824467196194	0.0
585.6413362784843	0.9999924871023637	0.0
585.6423362784843	0.9999969218327325	0.0
585.6433362784843	0.9999987936797188	0.0
585.6443362784843	0.9999995489691395	0.0
585.6453362784843	0.9999998397898646	0.0
585.6463362784842	0.9999999462169643	0.0
585.6473362784842	0.9999999830148021	0.0
585.6483362784842	0.999999994909133	0.0
585.6493362784842	0.9999999983165224	0.0
585.6503362784841	0.999999998701659	0.0
585.6513362784841	0.9999999972763203	0.0
585.6523362784841	0.9999999931164875	0.0
585.6533362784841	0.9999999831952683	0.0
585.654336278484	0.9999999612326786	0.0
585.655336278484	0.9999999156835387	0.0
585.656336278484	0.9999998271697854	0.0
585.657336278484	0.9999996659345998	0.0
585.658336278484	0.9999993901846878	0.0
585.6593362784839	0.9999989462209642	0.0
585.6603362784839	0.9999982708254624	0.0
585.6613362784839	0.9999972955802657	0.0
585.6623362784838	0.999995952016533	0.0
585.6633362784838	0.9999941761620037	0.0
585.6643362784838	0.9999919113639247	0.0
585.6653362784838	0.9999891090075362	0.0
585.6663362784838	0.9999857275028337	0.0
585.6673362784837	0.9999817303309048	0.0
585.6683362784837	0.9999770839562866	0.0
585.6693362784837	0.9999717561699598	0.0
585.6703362784837	0.9999657151234812	0.0
585.6713362784836	0.9999589290670515	0.0
585.6723362784836	0.9999513666392285	0.0
585.6733362784836	0.9999429974645547	0.0
585.6743362784836	0.9999337927892232	0.0
585.6753362784835	0.999923725926822	0.0
585.6763362784835	0.9999127723871039	0.0
585.6773362784835	0.9999009096794539	0.0
585.6783362784835	0.9998881168614514	0.0
585.6793362784834	0.9998743739111423	0.0
585.6803362784834	0.9998596609749291	0.0
585.6813362784834	0.9998439575459878	0.0
585.6823362784834	0.9998272416685675	0.0
585.6833362784834	0.9998094892803387	0.0
585.6843362784833	0.9997906737373878	0.0
585.6853362784833	0.999770765447943	0.0
585.6863362784833	0.9997497314758971	0.0
585.6873362784833	0.9997275350142877	0.0
585.6883362784832	0.9997041347152115	0.0
585.6893362784832	0.9996794838978209	0.0
585.6903362784832	0.9996535296056931	0.0
585.6913362784832	0.9996262114004567	0.0
585.6923362784831	0.9995974597076306	0.0
585.6933362784831	0.9995671934571033	0.0
585.6943362784831	0.9995353166629165	0.0
585.6953362784831	0.9995017135241375	0.0
585.696336278483	0.9994662417341615	0.0
585.697336278483	0.9994287240335786	0.0
585.698336278483	0.9993889385180915	0.0
585.699336278483	0.9993466084944505	0.0
585.700336278483	0.9993013924220527	0.0
585.7013362784829	0.9992528735746714	0.0
585.7023362784829	0.9992005476151566	0.0
585.7033362784829	0.9991438043183211	0.0
585.7043362784829	0.999081896391596	0.0
585.7053362784828	0.9990138813822114	0.0
585.7063362784828	0.9989385067481289	0.0
585.7073362784828	0.9988539734056744	0.0
585.7083362784828	0.9987574474229481	0.0
585.7093362784827	0.9986440862496507	0.0
585.7103362784827	0.9985052174473641	0.0
585.7113362784827	0.9983252118899242	0.0
585.7123362784827	0.99807664902028	0.0
585.7133362784826	0.9977137349679805	0.0
585.7143362784826	0.9971647003577118	0.0
585.7153362784826	0.9963249572365485	0.0
585.7163362784826	0.9950537042960852	0.0
585.7173362784825	0.9931767937737203	0.0
585.7183362784825	0.9904975180624372	0.0
585.7193362784825	0.9868146459171293	0.0
585.7203362784825	0.9819444217563509	0.0
585.7213362784825	0.9757416281448585	0.0
585.7223362784824	0.9681151239148255	0.0
585.7233362784824	0.95903542504124	0.0
585.7243362784824	0.9485348052136143	0.0
585.7253362784824	0.9367026261044149	0.0
585.7263362784823	0.9236792066099038	0.0
585.7273362784823	0.909650455405012	0.0
585.7283362784823	0.8948434548824667	0.0
585.7293362784823	0.8795212720858119	0.0
585.7303362784822	0.8639744409594494	0.0
585.7313362784822	0.8485072958056105	0.0
585.7323362784822	0.8334194221201325	0.0
585.7333362784822	0.8189850037703849	0.0
585.7343362784821	0.8054345135411969	0.0
585.7353362784821	0.7929430692115678	0.0
585.7363362784821	0.7816278268221295	0.0
585.7373362784821	0.7715539473852504	0.0
585.738336278482	0.7627462968166364	0.0
585.739336278482	0.7552030693185495	0.0
585.740336278482	0.7489080515177162	0.0
585.741336278482	0.7438396372221233	0.0
585.742336278482	0.7399761299043077	0.0
585.7433362784819	0.7372977810579304	0.0
585.7443362784819	0.7357863078598099	0.0
585.7453362784819	0.735422548589159	0.0
585.7463362784819	0.736182790945207	0.0
585.7473362784818	0.7380343984925289	0.0
585.7483362784818	0.7409317094451255	0.0
585.7493362784818	0.7448135887621069	0.0
585.7503362784818	0.7496040925943347	0.0
585.7513362784817	0.7552170780398642	0.0
585.7523362784817	0.7615641858269532	0.0
585.7533362784817	0.768563883166512	0.0
585.7543362784817	0.7761480660494675	0.0
585.7553362784816	0.7842629606876097	0.0
585.7563362784816	0.7928629775763625	0.0
585.7573362784816	0.8018990342314121	0.0
585.7583362784816	0.8113052671852924	0.0
585.7593362784816	0.8209887350046469	0.0
585.7603362784815	0.8308253597834452	0.0
585.7613362784815	0.8406628011271574	0.0
585.7623362784815	0.8503286191391797	0.0
585.7633362784815	0.859641056346662	0.0
585.7643362784814	0.8684202426531134	0.0
585.7653362784814	0.8764989428178649	0.0
585.7663362784814	0.8837331351787601	0.0
585.7673362784814	0.8900129867323171	0.0
585.7683362784813	0.8952739974219559	0.0
585.7693362784813	0.8995066652115599	0.0
585.7703362784813	0.902761837360675	0.0
585.7713362784813	0.905148854615146	0.0
585.7723362784812	0.9068250768113154	0.0
585.7733362784812	0.9079779746699105	0.0
585.7743362784812	0.9088035240968783	0.0
585.7753362784812	0.9094858783295805	0.0
585.7763362784812	0.9101826149851415	0.0
585.7773362784811	0.9110176772900106	0.0
585.7783362784811	0.9120815806805374	0.0
585.7793362784811	0.9134366523153291	0.0
585.7803362784811	0.9151245161795263	0.0
585.781336278481	0.9171735201263213	0.0
585.782336278481	0.9196047228433405	0.0
585.783336278481	0.9224358543612344	0.0
585.784336278481	0.9256830625473053	0.0
585.7853362784809	0.9293603070993071	0.0
585.7863362784809	0.9334762119262405	0.0
585.7873362784809	0.938028335292846	0.0
585.7883362784809	0.9429953618708671	0.0
585.7893362784808	0.9483286277454879	0.0
585.7903362784808	0.9539453364504703	0.0
585.7913362784808	0.959726287543923	0.0
585.7923362784808	0.965520444409064	0.0
585.7933362784808	0.9711570976525236	0.0
585.7943362784807	0.976464142129543	0.0
585.7953362784807	0.9812888923083155	0.0
585.7963362784807	0.9855167651361868	0.0
585.7973362784807	0.9890835454763769	0.0
585.7983362784806	0.991978705073708	0.0
585.7993362784806	0.9942397242683917	0.0
585.8003362784806	0.9959396726313581	0.0
585.8013362784806	0.9971716755033628	0.0
585.8023362784805	0.998033989299207	0.0
585.8033362784805	0.998618411855122	0.0
585.8043362784805	0.9990032250994367	0.0
585.8053362784805	0.9992504439274636	0.0
585.8063362784804	0.9994062573270336	0.0
585.8073362784804	0.9995032927078735	0.0
585.8083362784804	0.9995635435520829	0.0
585.8093362784804	0.9996012079640073	0.0
585.8103362784803	0.9996250759205342	0.0
585.8113362784803	0.9996403715966367	0.0
585.8123362784803	0.9996500949735684	0.0
585.8133362784803	0.9996559527940466	0.0
585.8143362784803	0.9996589689846287	0.0
585.8153362784802	0.9996598516639791	0.0
585.8163362784802	0.9996591829439094	0.0
585.8173362784802	0.999657490753838	0.0
585.8183362784802	0.9996552547638345	0.0
585.8193362784801	0.9996528874745517	0.0
585.8203362784801	0.9996507167127141	0.0
585.8213362784801	0.9996489803904068	0.0
585.8223362784801	0.9996478321496266	0.0
585.82333627848	0.999647349255718	0.0
585.82433627848	0.9996475315144442	0.0
585.82533627848	0.9996482808658493	0.0
585.82633627848	0.9996493553392016	0.0
585.82733627848	0.9996502994252405	0.0
585.8283362784799	0.999650366768541	0.0
585.8293362784799	0.9996484683130804	0.0
585.8303362784799	0.9996431916887896	0.0
585.8313362784799	0.999632933228298	0.0
585.8323362784798	0.9996161526769733	0.0
585.8333362784798	0.9995917053147267	0.0
585.8343362784798	0.9995591479681016	0.0
585.8353362784798	0.9995188866505847	0.0
585.8363362784797	0.9994720594494901	0.0
585.8373362784797	0.999420128231214	0.0
585.8383362784797	0.9993642572322629	0.0
585.8393362784797	0.9993046430507794	0.0
585.8403362784796	0.9992399966690962	0.0
585.8413362784796	0.9991673548429361	0.0
585.8423362784796	0.9990823249773955	0.0
585.8433362784796	0.998979760228133	0.0
585.8443362784795	0.9988547371768732	0.0
585.8453362784795	0.9987035916650666	0.0
585.8463362784795	0.9985246964123848	0.0
585.8473362784795	0.9983186772589143	0.0
585.8483362784795	0.9980878838986588	0.0
585.8493362784794	0.9978351374847153	0.0
585.8503362784794	0.9975620149981169	0.0
585.8513362784794	0.9972671256490734	0.0
585.8523362784794	0.9969449242569042	0.0
585.8533362784793	0.9965855520442366	0.0
585.8543362784793	0.9961759876103304	0.0
585.8553362784793	0.995702455678681	0.0
585.8563362784793	0.9951536497789275	0.0
585.8573362784792	0.9945239966461734	0.0
585.8583362784792	0.9938160631885856	0.0
585.8593362784792	0.9930413747101747	0.0
585.8603362784792	0.9922193566330015	0.0
585.8613362784791	0.9913746809314968	0.0
585.8623362784791	0.9905337691570331	0.0
585.8633362784791	0.989721389263867	0.0
585.8643362784791	0.9889581289711082	0.0
585.865336278479	0.9882591335645479	0.0
585.866336278479	0.9876340511347699	0.0
585.867336278479	0.9870878116051615	0.0
585.868336278479	0.9866217647428578	0.0
585.869336278479	0.9862347947351365	0.0
585.8703362784789	0.9859242206524801	0.0
585.8713362784789	0.9856864751648924	0.0
585.8723362784789	0.9855176536553004	0.0
585.8733362784789	0.9854140226312242	0.0
585.8743362784788	0.9853725010923989	0.0
585.8753362784788	0.9853910405575393	0.0
585.8763362784788	0.9854687850841501	0.0
585.8773362784788	0.98560591830697	0.0
585.8783362784787	0.9858031877020466	0.0
585.8793362784787	0.9860611982539066	0.0
585.8803362784787	0.9863796479508877	0.0
585.8813362784787	0.9867567115331493	0.0
585.8823362784786	0.9871887593323571	0.0
585.8833362784786	0.987670525889158	0.0
585.8843362784786	0.9881957233928464	0.0
585.8853362784786	0.9887579435794724	0.0
585.8863362784786	0.9893515437548019	0.0
585.8873362784785	0.9899721196051355	0.0
585.8883362784785	0.9906161791531578	0.0
585.8893362784785	0.9912797743728609	0.0
585.8903362784785	0.9919561096117704	0.0
585.8913362784784	0.9926324845584009	0.0
585.8923362784784	0.9932872705167651	0.0
585.8933362784784	0.9938878631039438	0.0
585.8943362784784	0.9943905878186959	0.0
585.8953362784783	0.9947432624312684	0.0
585.8963362784783	0.994890527102633	0.0
585.8973362784783	0.9947812593679751	0.0
585.8983362784783	0.9943766482880244	0.0
585.8993362784782	0.9936571066141138	0.0
585.9003362784782	0.9926263517836709	0.0
585.9013362784782	0.9913116750883317	0.0
585.9023362784782	0.9897604094800786	0.0
585.9033362784782	0.9880335478907034	0.0
585.9043362784781	0.9861980466758461	0.0
585.9053362784781	0.984319433545586	0.0
585.9063362784781	0.9824559859885774	0.0
585.907336278478	0.9806551494990408	0.0
585.908336278478	0.9789522496194887	0.0
585.909336278478	0.977371086201731	0.0
585.910336278478	0.9759257572439584	0.0
585.911336278478	0.9746230332164477	0.0
585.9123362784779	0.9734647284650366	0.0
585.9133362784779	0.9724497142457004	0.0
585.9143362784779	0.971575417663266	0.0
585.9153362784779	0.9708388058183188	0.0
585.9163362784778	0.9702369463149004	0.0
585.9173362784778	0.9697672683203814	0.0
585.9183362784778	0.9694276400126162	0.0
585.9193362784778	0.9692163485043026	0.0
585.9203362784777	0.9691320324443206	0.0
585.9213362784777	0.969173582301853	0.0
585.9223362784777	0.9693399864938123	0.0
585.9233362784777	0.9696300528747631	0.0
585.9243362784777	0.9700418617652318	0.0
585.9253362784776	0.9705717025425686	0.0
585.9263362784776	0.97121212809824	0.0
585.9273362784776	0.9719486907922474	0.0
585.9283362784776	0.9727550120774513	0.0
585.9293362784775	0.9735862166765775	0.0
585.9303362784775	0.9743714917856162	0.0
585.9313362784775	0.9750074842196449	0.0
585.9323362784775	0.9753550473320863	0.0
585.9333362784774	0.9752419753628366	0.0
585.9343362784774	0.9744734411853555	0.0
585.9353362784774	0.9728499737916335	0.0
585.9363362784774	0.9701906136326294	0.0
585.9373362784773	0.966357258253344	0.0
585.9383362784773	0.9612757759868623	0.0
585.9393362784773	0.9549502086991346	0.0
585.9403362784773	0.9474677707584851	0.0
585.9413362784773	0.9389938048625464	0.0
585.9423362784772	0.9297571758914694	0.0
585.9433362784772	0.9200279208068012	0.0
585.9443362784772	0.9100904100009674	0.0
585.9453362784772	0.9002164714910409	0.0
585.9463362784771	0.8906432133246784	0.0
585.9473362784771	0.8815591740842339	0.0
585.9483362784771	0.8731001411324992	0.0
585.9493362784771	0.8653533902164244	0.0
585.950336278477	0.85836727441645	0.0
585.951336278477	0.8521626216155161	0.0
585.952336278477	0.8467431530459213	0.0
585.953336278477	0.8421034665226028	0.0
585.954336278477	0.8382343477332495	0.0
585.9553362784769	0.8351258993200978	0.0
585.9563362784769	0.8327691952725088	0.0
585.9573362784769	0.8311570723947082	0.0
585.9583362784768	0.8302844749344703	0.0
585.9593362784768	0.8301486000938987	0.0
585.9603362784768	0.8307489867338659	0.0
585.9613362784768	0.8320876321769151	0.0
585.9623362784768	0.8341691837438474	0.0
585.9633362784767	0.8370012038747244	0.0
585.9643362784767	0.8405944220785241	0.0
585.9653362784767	0.8449627377071415	0.0
585.9663362784767	0.8501225175879701	0.0
585.9673362784766	0.8560904871155522	0.0
585.9683362784766	0.8628793726920613	0.0
585.9693362784766	0.8704906220581221	0.0
585.9703362784766	0.8789041929967951	0.0
585.9713362784765	0.8880665613080396	0.0
585.9723362784765	0.8978794304776482	0.0
585.9733362784765	0.9081925105049916	0.0
585.9743362784765	0.9188035521164369	0.0
585.9753362784764	0.9294673723705772	0.0
585.9763362784764	0.9399133417512618	0.0
585.9773362784764	0.949868638702638	0.0
585.9783362784764	0.9590833474213177	0.0
585.9793362784764	0.9673534252373781	0.0
585.9803362784763	0.9745383148834122	0.0
585.9813362784763	0.980570951741048	0.0
585.9823362784763	0.9854588623603633	0.0
585.9833362784763	0.989276141836841	0.0
585.9843362784762	0.9921475640136391	0.0
585.9853362784762	0.9942277427428585	0.0
585.9863362784762	0.9956794686039808	0.0
585.9873362784762	0.9966553915960926	0.0
585.9883362784761	0.9972859251399728	0.0
585.9893362784761	0.9976741512333964	0.0
585.9903362784761	0.9978965421083931	0.0
585.9913362784761	0.998007223565742	0.0
585.992336278476	0.998043468793711	0.0
585.993336278476	0.9980307899974228	0.0
585.994336278476	0.9979868640359333	0.0
585.995336278476	0.9979242002058566	0.0
585.996336278476	0.997851804493027	0.0
585.9973362784759	0.9977761782167411	0.0
585.9983362784759	0.997701934866136	0.0
585.9993362784759	0.9976322250178085	0.0
586.0003362784759	0.997569074043629	0.0
586.0013362784758	0.9975136760542583	0.0
586.0023362784758	0.9974666513730474	0.0
586.0033362784758	0.9974282600910497	0.0
586.0043362784758	0.9973985642768214	0.0
586.0053362784757	0.9973775385686339	0.0
586.0063362784757	0.9973651366343037	0.0
586.0073362784757	0.9973613254440112	0.0
586.0083362784757	0.9973660996665132	0.0
586.0093362784756	0.9973794860476105	0.0
586.0103362784756	0.9974015442455763	0.0
586.0113362784756	0.9974323676742165	0.0
586.0123362784756	0.9974720859461683	0.0
586.0133362784755	0.9975208692680364	0.0
586.0143362784755	0.9975789339680281	0.0
586.0153362784755	0.9976465465709208	0.0
586.0163362784755	0.9977240211799768	0.0
586.0173362784755	0.9978117017644424	0.0
586.0183362784754	0.9979099185810716	0.0
586.0193362784754	0.9980189084787866	0.0
586.0203362784754	0.9981386944733264	0.0
586.0213362784754	0.9982689317697725	0.0
586.0223362784753	0.9984087436072343	0.0
586.0233362784753	0.9985565855433233	0.0
586.0243362784753	0.9987101832772576	0.0
586.0253362784753	0.9988665802666337	0.0
586.0263362784752	0.9990223066539772	0.0
586.0273362784752	0.999173648308819	0.0
586.0283362784752	0.9993169677869889	0.0
586.0293362784752	0.9994490194769783	0.0
586.0303362784751	0.9995672113542968	0.0
586.0313362784751	0.9996697867514754	0.0
586.0323362784751	0.9997559181356639	0.0
586.0333362784751	0.9998257133329751	0.0
586.034336278475	0.9998801356931595	0.0
586.035336278475	0.9999208425207615	0.0
586.036336278475	0.9999499570520715	0.0
586.037336278475	0.9999698056749081	0.0
586.038336278475	0.9999826642965376	0.0
586.0393362784749	0.9999905568774868	0.0
586.0403362784749	0.9999951337785464	0.0
586.0413362784749	0.9999976344730958	0.0
586.0423362784749	0.9999989183581343	0.0
586.0433362784748	0.9999995361293748	0.0
586.0443362784748	0.9999998139917242	0.0
586.0453362784748	0.9999999305030882	0.0
586.0463362784748	0.9999999759148324	0.0
586.0473362784747	0.99999999230767	0.0
586.0483362784747	0.9999999977597003	0.0
586.0493362784747	0.9999999994160415	0.0
586.0503362784747	0.9999999998684443	0.0
586.0513362784747	0.9999999999760782	0.0
586.0523362784746	0.9999999999969534	0.0
586.0533362784746	0.9999999999997811	0.0
586.0543362784746	0.9999999999999937	0.0
586.0553362784746	1.0	0.0
586.0563362784745	1.0	0.0
586.0573362784745	1.0	0.0
586.0583362784745	1.0	0.0
586.0593362784745	1.0	0.0
586.0603362784744	1.0	0.0
586.0613362784744	1.0	0.0
586.0623362784744	1.0	0.0
586.0633362784744	1.0	0.0
586.0643362784743	1.0	0.0
586.0653362784743	1.0	0.0
586.0663362784743	1.0	0.0
586.0673362784743	1.0	0.0
586.0683362784742	0.9999999999996507	0.0
586.0693362784742	0.9999999999933153	0.0
586.0703362784742	0.9999999999532386	0.0
586.0713362784742	0.9999999997671914	0.0
586.0723362784742	0.999999999029506	0.0
586.0733362784741	0.9999999964130061	0.0
586.0743362784741	0.9999999879531862	0.0
586.0753362784741	0.9999999627605167	0.0
586.0763362784741	0.99999989313855	0.0
586.077336278474	0.9999997134642036	0.0
586.078336278474	0.9999992781824117	0.0
586.079336278474	0.9999982840416191	0.0
586.080336278474	0.99999613664485	0.0
586.0813362784739	0.9999917401429809	0.0
586.0823362784739	0.9999831979033179	0.0
586.0833362784739	0.9999674390401243	0.0
586.0843362784739	0.9999398348227251	0.0
586.0853362784738	0.9998939324777367	0.0
586.0863362784738	0.9998214861825528	0.0
586.0873362784738	0.9997129662358958	0.0
586.0883362784738	0.9995586417563264	0.0
586.0893362784738	0.9993501563472443	0.0
586.0903362784737	0.9990822992308831	0.0
586.0913362784737	0.9987545105189737	0.0
586.0923362784737	0.9983716449904031	0.0
586.0933362784737	0.9979436945611804	0.0
586.0943362784736	0.9974844841312471	0.0
586.0953362784736	0.9970096810017839	0.0
586.0963362784736	0.9965346550611265	0.0
586.0973362784736	0.9960727186260614	0.0
586.0983362784735	0.9956340845088457	0.0
586.0993362784735	0.9952256106319394	0.0
586.1003362784735	0.994851168458044	0.0
586.1013362784735	0.994512356544181	0.0
586.1023362784734	0.9942092876193612	0.0
586.1033362784734	0.9939412636653494	0.0
586.1043362784734	0.9937072591378641	0.0
586.1053362784734	0.9935062143008736	0.0
586.1063362784733	0.9933371829824951	0.0
586.1073362784733	0.9931993879879627	0.0
586.1083362784733	0.9930922277339927	0.0
586.1093362784733	0.993015262605443	0.0
586.1103362784733	0.9929681965825653	0.0
586.1113362784732	0.9929508612271256	0.0
586.1123362784732	0.9929632047240502	0.0
586.1133362784732	0.9930052869996662	0.0
586.1143362784732	0.9930772816190339	0.0
586.1153362784731	0.9931794850911522	0.0
586.1163362784731	0.9933123333807379	0.0
586.1173362784731	0.9934764227933719	0.0
586.1183362784731	0.9936725267968263	0.0
586.119336278473	0.993901590774771	0.0
586.120336278473	0.9941646732406295	0.0
586.121336278473	0.994462787521806	0.0
586.122336278473	0.9947965901894112	0.0
586.123336278473	0.9951658748395213	0.0
586.1243362784729	0.9955688764604854	0.0
586.1253362784729	0.9960014770494774	0.0
586.1263362784729	0.9964565091354698	0.0
586.1273362784729	0.9969234346237746	0.0
586.1283362784728	0.9973886723177153	0.0
586.1293362784728	0.9978367181794525	0.0
586.1303362784728	0.9982519626327867	0.0
586.1313362784728	0.9986208413428904	0.0
586.1323362784727	0.9989337805232529	0.0
586.1333362784727	0.9991864111903263	0.0
586.1343362784727	0.999379741629562	0.0
586.1353362784727	0.9995193076908802	0.0
586.1363362784726	0.9996136248700968	0.0
586.1373362784726	0.9996724229540367	0.0
586.1383362784726	0.9997051119241653	0.0
586.1393362784726	0.999719755124162	0.0
586.1403362784725	0.9997226104534805	0.0
586.1413362784725	0.9997181328337373	0.0
586.1423362784725	0.9997092549467055	0.0
586.1433362784725	0.999697770739151	0.0
586.1443362784725	0.9996847006651277	0.0
586.1453362784724	0.9996705803930692	0.0
586.1463362784724	0.9996556618853552	0.0
586.1473362784724	0.9996400408396903	0.0
586.1483362784724	0.9996237319450321	0.0
586.1493362784723	0.9996067111216111	0.0
586.1503362784723	0.9995889383407215	0.0
586.1513362784723	0.999570369349369	0.0
586.1523362784723	0.9995509608965452	0.0
586.1533362784722	0.9995306718904492	0.0
586.1543362784722	0.9995094618695162	0.0
586.1553362784722	0.9994872878065555	0.0
586.1563362784722	0.9994641001988854	0.0
586.1573362784721	0.9994398393261663	0.0
586.1583362784721	0.9994144323340699	0.0
586.1593362784721	0.9993877914563217	0.0
586.1603362784721	0.9993598133471242	0.0
586.161336278472	0.9993303792272819	0.0
586.162336278472	0.9992993553646272	0.0
586.163336278472	0.9992665933260837	0.0
586.164336278472	0.9992319295289119	0.0
586.165336278472	0.999195183935892	0.0
586.1663362784719	0.9991561581682346	0.0
586.1673362784719	0.9991146335944642	0.0
586.1683362784719	0.9990703698779082	0.0
586.1693362784719	0.9990231040662707	0.0
586.1703362784718	0.9989725498501958	0.0
586.1713362784718	0.9989183963881589	0.0
586.1723362784718	0.9988603061811675	0.0
586.1733362784718	0.998797911726866	0.0
586.1743362784717	0.998730810821689	0.0
586.1753362784717	0.9986585602236617	0.0
586.1763362784717	0.9985806669470785	0.0
586.1773362784717	0.998496575928187	0.0
586.1783362784716	0.9984056523993858	0.0
586.1793362784716	0.9983071570597624	0.0
586.1803362784716	0.9982002117176565	0.0
586.1813362784716	0.9980837519808256	0.0
586.1823362784716	0.9979564613155766	0.0
586.1833362784715	0.9978166772940933	0.0
586.1843362784715	0.9976622566531497	0.0
586.1853362784715	0.9974903822610738	0.0
586.1863362784715	0.9972972948021983	0.0
586.1873362784714	0.9970779388826833	0.0
586.1883362784714	0.9968255320893349	0.0
586.1893362784714	0.9965310996246175	0.0
586.1903362784714	0.9961830646569177	0.0
586.1913362784713	0.9957670350406536	0.0
586.1923362784713	0.9952659610540898	0.0
586.1933362784713	0.994660832197601	0.0
586.1943362784713	0.9939320144766693	0.0
586.1953362784712	0.9930611990938935	0.0
586.1963362784712	0.9920337586013744	0.0
586.1973362784712	0.9908411296339872	0.0
586.1983362784712	0.9894827147405322	0.0
586.1993362784712	0.9879667600847556	0.0
586.2003362784711	0.9863097297107771	0.0
586.2013362784711	0.9845338312669649	0.0
586.2023362784711	0.9826625078156592	0.0
586.203336278471	0.9807138846323186	0.0
586.204336278471	0.9786924133883738	0.0
586.205336278471	0.976579409271922	0.0
586.206336278471	0.9743238948605076	0.0
586.207336278471	0.9718359968052345	0.0
586.2083362784709	0.9689856465002991	0.0
586.2093362784709	0.9656089446200102	0.0
586.2103362784709	0.9615229608541892	0.0
586.2113362784709	0.9565473063341724	0.0
586.2123362784708	0.9505285494399197	0.0
586.2133362784708	0.9433625888461745	0.0
586.2143362784708	0.9350109574543789	0.0
586.2153362784708	0.9255091655742697	0.0
586.2163362784707	0.9149673412300856	0.0
586.2173362784707	0.9035644841589484	0.0
586.2183362784707	0.8915374301239966	0.0
586.2193362784707	0.8791649221747199	0.0
586.2203362784707	0.8667471175698676	0.0
586.2213362784706	0.8545819450439052	0.0
586.2223362784706	0.8429414452456498	0.0
586.2233362784706	0.8320523582242376	0.0
586.2243362784706	0.8220847444870678	0.0
586.2253362784705	0.8131502870382383	0.0
586.2263362784705	0.8053090978406108	0.0
586.2273362784705	0.7985816870700532	0.0
586.2283362784705	0.7929621076378925	0.0
586.2293362784704	0.7884291232090155	0.0
586.2303362784704	0.7849538517844982	0.0
586.2313362784704	0.7825038766244315	0.0
586.2323362784704	0.7810447847786934	0.0
586.2333362784703	0.7805404119697092	0.0
586.2343362784703	0.7809529295067511	0.0
586.2353362784703	0.7822435435427124	0.0
586.2363362784703	0.7843741585022126	0.0
586.2373362784703	0.7873099714950551	0.0
586.2383362784702	0.7910226545241533	0.0
586.2393362784702	0.7954935698229008	0.0
586.2403362784702	0.8007163546096978	0.0
586.2413362784702	0.8066981744022802	0.0
586.2423362784701	0.8134589270818237	0.0
586.2433362784701	0.8210276637056508	0.0
586.2443362784701	0.8294355571196979	0.0
586.2453362784701	0.8387050920642416	0.0
586.24633627847	0.8488359780281122	0.0
586.24733627847	0.8597895946661279	0.0
586.24833627847	0.871475163165821	0.0
586.24933627847	0.8837415448519813	0.0
586.25033627847	0.8963779109883512	0.0
586.2513362784699	0.909124425213877	0.0
586.2523362784699	0.9216913170600676	0.0
586.2533362784699	0.9337825893216241	0.0
586.2543362784699	0.9451200710095538	0.0
586.2553362784698	0.955464596381792	0.0
586.2563362784698	0.9646327889678697	0.0
586.2573362784698	0.9725090483676392	0.0
586.2583362784698	0.9790523185914968	0.0
586.2593362784697	0.9842965343021881	0.0
586.2603362784697	0.988343392963294	0.0
586.2613362784697	0.9913471160389602	0.0
586.2623362784697	0.9934929988192182	0.0
586.2633362784696	0.9949737157971937	0.0
586.2643362784696	0.9959682533495403	0.0
586.2653362784696	0.9966273894583868	0.0
586.2663362784696	0.9970673163202871	0.0
586.2673362784695	0.9973704846130569	0.0
586.2683362784695	0.9975911228687376	0.0
586.2693362784695	0.9977625623572214	0.0
586.2703362784695	0.9979041792715646	0.0
586.2713362784694	0.9980268244335834	0.0
586.2723362784694	0.9981365140664101	0.0
586.2733362784694	0.9982366715279415	0.0
586.2743362784694	0.9983293697084035	0.0
586.2753362784694	0.9984159731463035	0.0
586.2763362784693	0.9984974566034232	0.0
586.2773362784693	0.9985745630080998	0.0
586.2783362784693	0.9986478852466699	0.0
586.2793362784693	0.9987179115458863	0.0
586.2803362784692	0.9987850526144253	0.0
586.2813362784692	0.9988496592221578	0.0
586.2823362784692	0.998912034800687	0.0
586.2833362784692	0.9989724456686637	0.0
586.2843362784691	0.9990311299834089	0.0
586.2853362784691	0.999088304874485	0.0
586.2863362784691	0.9991441695054425	0.0
586.2873362784691	0.9991989006060492	0.0
586.288336278469	0.9992526371351144	0.0
586.289336278469	0.9993054529521105	0.0
586.290336278469	0.9993573208962272	0.0
586.291336278469	0.9994080775027826	0.0
586.292336278469	0.9994574023141858	0.0
586.2933362784689	0.9995048262503204	0.0
586.2943362784689	0.9995497776860797	0.0
586.2953362784689	0.9995916634092123	0.0
586.2963362784689	0.9996299684606067	0.0
586.2973362784688	0.9996643497370723	0.0
586.2983362784688	0.9996946977799677	0.0
586.2993362784688	0.999721150274345	0.0
586.3003362784688	0.999744055923971	0.0
586.3013362784687	0.9997639023284203	0.0
586.3023362784687	0.9997812304236209	0.0
586.3033362784687	0.9997965582131477	0.0
586.3043362784687	0.9998103291979978	0.0
586.3053362784686	0.9998228902522504	0.0
586.3063362784686	0.9998344942971445	0.0
586.3073362784686	0.9998453179204878	0.0
586.3083362784686	0.999855483473393	0.0
586.3093362784685	0.9998650776345858	0.0
586.3103362784685	0.9998741618375491	0.0
586.3113362784685	0.999882772676673	0.0
586.3123362784685	0.9998909118002834	0.0
586.3133362784685	0.9998985251112943	0.0
586.3143362784684	0.9999054711686235	0.0
586.3153362784684	0.9999114795659537	0.0
586.3163362784684	0.9999161026421679	0.0
586.3173362784684	0.9999186684907951	0.0
586.3183362784683	0.9999182492455027	0.0
586.3193362784683	0.9999136640128126	0.0
586.3203362784683	0.9999035371733562	0.0
586.3213362784683	0.999886426151106	0.0
586.3223362784682	0.9998610160372996	0.0
586.3233362784682	0.999826354172105	0.0
586.3243362784682	0.9997820743427657	0.0
586.3253362784682	0.9997285493762088	0.0
586.3263362784681	0.999666921489552	0.0
586.3273362784681	0.9995989915673931	0.0
586.3283362784681	0.9995269903553236	0.0
586.3293362784681	0.999453289163557	0.0
586.330336278468	0.9993801208822294	0.0
586.331336278468	0.9993093702684841	0.0
586.332336278468	0.9992424634948178	0.0
586.333336278468	0.9991803548022891	0.0
586.334336278468	0.9991235848316715	0.0
586.3353362784679	0.9990723757105692	0.0
586.3363362784679	0.9990267297919928	0.0
586.3373362784679	0.9989865058171412	0.0
586.3383362784679	0.9989514524934406	0.0
586.3393362784678	0.9989211828193654	0.0
586.3403362784678	0.9988950754049271	0.0
586.3413362784678	0.9988720981975332	0.0
586.3423362784678	0.9988505734394764	0.0
586.3433362784677	0.9988279434424846	0.0
586.3443362784677	0.9988006448856908	0.0
586.3453362784677	0.9987642277189073	0.0
586.3463362784677	0.998713827603196	0.0
586.3473362784677	0.9986449972434149	0.0
586.3483362784676	0.9985547430284943	0.0
586.3493362784676	0.9984424691518832	0.0
586.3503362784676	0.9983104904111864	0.0
586.3513362784676	0.9981638867710847	0.0
586.3523362784675	0.9980097035585125	0.0
586.3533362784675	0.9978557417537054	0.0
586.3543362784675	0.997709312723018	0.0
586.3553362784675	0.9975762941051053	0.0
586.3563362784674	0.9974606565699266	0.0
586.3573362784674	0.9973644350788282	0.0
586.3583362784674	0.9972879881840483	0.0
586.3593362784674	0.9972303634538126	0.0
586.3603362784673	0.9971896423337862	0.0
586.3613362784673	0.9971632179806766	0.0
586.3623362784673	0.9971480161464756	0.0
586.3633362784673	0.9971406831321165	0.0
586.3643362784672	0.9971377477500842	0.0
586.3653362784672	0.997135743822348	0.0
586.3663362784672	0.9971312806558722	0.0
586.3673362784672	0.9971210776038907	0.0
586.3683362784672	0.9971020185694414	0.0
586.3693362784671	0.9970713020767279	0.0
586.3703362784671	0.997026736263165	0.0
586.3713362784671	0.9969671548200867	0.0
586.3723362784671	0.9968928407953342	0.0
586.373336278467	0.9968057903758505	0.0
586.374336278467	0.9967096684415295	0.0
586.375336278467	0.996609405079227	0.0
586.376336278467	0.9965105170793477	0.0
586.3773362784669	0.9964183465086986	0.0
586.3783362784669	0.9963374360934213	0.0
586.3793362784669	0.9962711935482773	0.0
586.3803362784669	0.9962218650431167	0.0
586.3813362784668	0.9961907027154757	0.0
586.3823362784668	0.9961781361622332	0.0
586.3833362784668	0.9961837823099567	0.0
586.3843362784668	0.9962062477728443	0.0
586.3853362784668	0.9962428403849128	0.0
586.3863362784667	0.9962894272588296	0.0
586.3873362784667	0.9963406768333202	0.0
586.3883362784667	0.9963907778090988	0.0
586.3893362784667	0.9964344969726864	0.0
586.3903362784666	0.9964682403558415	0.0
586.3913362784666	0.9964907310013978	0.0
586.3923362784666	0.9965030453827606	0.0
586.3933362784666	0.9965079900420667	0.0
586.3943362784665	0.9965090248535923	0.0
586.3953362784665	0.9965090499939578	0.0
586.3963362784665	0.9965093529386456	0.0
586.3973362784665	0.9965089171063376	0.0
586.3983362784664	0.996504200392486	0.0
586.3993362784664	0.996489434979653	0.0
586.4003362784664	0.9964574580286247	0.0
586.4013362784664	0.9964010089779746	0.0
586.4023362784664	0.996314301120757	0.0
586.4033362784663	0.9961945281211162	0.0
586.4043362784663	0.9960428821844283	0.0
586.4053362784663	0.995864719405738	0.0
586.4063362784663	0.9956687295443112	0.0
586.4073362784662	0.9954652854557531	0.0
586.4083362784662	0.9952644323904826	0.0
586.4093362784662	0.9950741019108073	0.0
586.4103362784662	0.9948990409990719	0.0
586.4113362784661	0.9947406756625841	0.0
586.4123362784661	0.9945977993185302	0.0
586.4133362784661	0.994467726161184	0.0
586.4143362784661	0.9943474683723361	0.0
586.415336278466	0.9942345906289441	0.0
586.416336278466	0.9941275974737579	0.0
586.417336278466	0.9940259160930388	0.0
586.418336278466	0.9939296635804115	0.0
586.419336278466	0.9938394012623205	0.0
586.4203362784659	0.9937560034492376	0.0
586.4213362784659	0.9936806613785523	0.0
586.4223362784659	0.9936149610273141	0.0
586.4233362784659	0.9935609451694357	0.0
586.4243362784658	0.9935210925903949	0.0
586.4253362784658	0.9934981965910282	0.0
586.4263362784658	0.9934951725164944	0.0
586.4273362784658	0.9935148506898019	0.0
586.4283362784657	0.9935598112874444	0.0
586.4293362784657	0.9936322972667253	0.0
586.4303362784657	0.9937342116274314	0.0
586.4313362784657	0.9938671763164533	0.0
586.4323362784656	0.9940325830533593	0.0
586.4333362784656	0.9942316295944903	0.0
586.4343362784656	0.9944651502723435	0.0
586.4353362784656	0.9947332114678273	0.0
586.4363362784655	0.9950343564805207	0.0
586.4373362784655	0.9953645521769645	0.0
586.4383362784655	0.995716165692342	0.0
586.4393362784655	0.9960776289099517	0.0
586.4403362784655	0.9964344759671563	0.0
586.4413362784654	0.9967718294219555	0.0
586.4423362784654	0.9970774210701714	0.0
586.4433362784654	0.9973437514179216	0.0
586.4443362784654	0.9975685507962387	0.0
586.4453362784653	0.9977537586921182	0.0
586.4463362784653	0.0	0.0