wave_peak	wave_base	wave_top	note
443.32232	443.30082	443.34982	Fe 1
443.37894	443.34982	443.39182	Fe 1
443.69494	443.67582	443.73582	Fe 1
444.04618	444.01982	444.06482	Fe 1
444.08343	444.06482	444.09082	Fe 1
444.09875	444.09082	444.11682	Fe 1
444.23412	444.20882	444.26482	Fe 1
444.68420	444.65882	444.69982	Fe 1
444.71490	444.69982	444.74182	Fe 1
444.77352	444.74182	444.80482	Fe 1
445.90870	445.87582	445.92482	Fe 1
445.93488	445.92482	445.95682	Fe 1
446.65494	446.62382	446.67482	Fe 1
446.69268	446.67482	446.71582	Fe 1
447.60490	447.57682	447.64182	Fe 1
448.22128	448.18582	448.25182	Fe 1
448.42189	448.40282	448.44182	Fe 1
448.89052	448.85582	448.89982	Fe 1
448.91670	448.89982	448.93482	Fe 2
448.97398	448.95782	448.99082	Fe 1
449.00824	448.99082	449.03582	Fe 1
449.07697	449.06282	449.10382	Fe 1
449.13937	449.10382	449.15682	Fe 2
449.40888	449.37482	449.43082	Fe 1
449.45562	449.43082	449.48882	Fe 1
450.82831	450.79982	450.85382	Fe 2
451.41855	451.39682	451.43082	Fe 1
451.44323	451.43082	451.47382	Fe 1
451.53382	451.47382	451.57282	Fe 2
452.02157	452.00482	452.06082	Fe 2
452.26357	452.24682	452.29582	Fe 2
452.33960	452.32282	452.37182	Fe 1
452.86162	452.80682	452.89982	Fe 1
454.15197	454.13482	454.18182	Fe 2
454.78497	454.76082	454.80582	Fe 1
455.58865	455.56482	455.60182	Fe 2
455.61219	455.60182	455.65882	Fe 1
456.00780	455.96882	456.01982	Fe 1
456.02652	456.01982	456.05582	Fe 1
457.63335	457.59882	457.66782	Fe 2
458.28365	458.26282	458.30482	Fe 2
458.38212	458.35582	458.42982	Fe 2
458.46361	458.42982	458.50082	Fe 1
458.71289	458.66782	458.75082	Fe 1
459.26078	459.22582	459.31282	Fe 1
459.78540	459.75482	459.79882	Fe 1
459.81147	459.79882	459.82682	Fe 1
459.83257	459.82682	459.85982	Fe 1
460.19997	460.16982	460.23482	Fe 1
460.29376	460.26182	460.31782	Fe 1
461.12745	461.07382	461.16582	Fe 1
462.05126	462.02082	462.08482	Fe 2
462.50463	462.46782	462.55282	Fe 1
462.93263	462.88582	462.97182	Fe 2
463.01215	462.97182	463.03682	Fe 1
463.28848	463.24982	463.31482	Fe 1
464.34599	464.32582	464.36782	Fe 1
465.45724	465.40982	465.49682	Fe 1
466.91801	466.89582	466.95182	Fe 1
467.88453	467.85382	467.90382	Fe 1
467.92202	467.90382	467.94282	Fe 1
469.13992	469.09682	469.16982	Fe 1
471.02683	470.99182	471.04982	Fe 1
472.85458	472.82682	472.88382	Fe 1
473.14649	473.12482	473.17082	Fe 2
473.67742	473.65482	473.71382	Fe 1
474.49274	474.47182	474.50682	Fe 1
474.57972	474.54982	474.60082	Fe 1
474.63043	474.60082	474.67682	Fe 1
474.99452	474.98082	475.05782	Fe 1
492.05069	492.00182	492.08282	Fe 1
492.39184	492.33182	492.42182	Fe 2
492.42778	492.42182	492.44782	Fe 1
492.47690	492.44782	492.51182	Fe 1
492.52936	492.51182	492.53882	Fe 1
492.68165	492.65982	492.71082	Fe 1
492.74249	492.71082	492.75982	Fe 1
493.03086	492.96182	493.05982	Fe 1
493.20544	493.17482	493.24082	Fe 1
493.33180	493.30282	493.36982	Fe 1
493.53969	493.49782	493.56482	Fe 1
493.81824	493.78182	493.85482	Fe 1
493.88113	493.85482	493.90382	Fe 1
493.92399	493.90382	493.94682	Fe 1
493.96833	493.94682	493.99282	Fe 1
494.56303	494.55482	494.58482	Fe 1
494.63905	494.61782	494.68282	Fe 1
495.01247	494.91282	495.03282	Fe 1
495.73106	495.63182	495.74382	Fe 1
495.76103	495.74382	495.87082	Fe 1
496.19317	496.16582	496.21382	Fe 1
496.25747	496.23882	496.29582	Fe 1
496.60901	496.58982	496.64682	Fe 1
496.78956	496.76582	496.81382	Fe 1
496.83928	496.81382	496.85382	Fe 1
496.86927	496.85382	496.92982	Fe 1
496.99163	496.92982	497.02182	Fe 1
497.05133	497.02182	497.08282	Fe 1
497.30946	497.27182	497.33582	Fe 1
497.76620	497.73982	497.79482	Fe 1
497.86256	497.83282	497.90382	Fe 1
498.05350	498.04282	498.09682	Fe 1
498.24979	498.22682	498.26682	Fe 1
498.32673	498.30182	498.35582	Fe 1
498.38523	498.35582	498.39882	Fe 1
498.46189	498.43782	498.48282	Fe 1
498.52562	498.49782	498.53982	Fe 1
498.55463	498.53982	498.58482	Fe 1
498.59853	498.58482	498.60782	Fe 1
498.62189	498.60782	498.66082	Fe 1
498.68749	498.66082	498.70582	Fe 1
498.83546	498.81682	498.85582	Fe 1
498.89490	498.87082	498.93482	Fe 1
499.12515	499.11882	499.15382	Fe 1
499.18599	499.15382	499.21482	Fe 1
499.33463	499.31082	499.35282	Fe 2
499.36836	499.35282	499.38982	Fe 1
499.41292	499.38982	499.43882	Fe 1
499.54131	499.52082	499.55382	Fe 1
499.79805	499.77282	499.80582	Fe 1
499.91281	499.88682	499.93082	Fe 1
500.07404	500.05682	500.08682	Fe 2
500.18629	500.16382	500.22282	Fe 1
500.25912	500.22282	500.26782	Fe 1
500.27876	500.26782	500.30482	Fe 1
500.40515	500.38782	500.42682	Fe 1
500.43466	500.42682	500.45482	Fe 1
500.57121	500.53682	500.58982	Fe 1
500.61073	500.58982	500.67682	Fe 1
500.86420	500.83582	500.89782	Fe 1
501.02363	501.00982	501.06182	Fe 1
501.20900	501.18282	501.22982	Fe 1
501.26883	501.26082	501.29882	Fe 1
501.49391	501.46782	501.51582	Fe 1
501.53150	501.51582	501.56082	Fe 1
501.64824	501.63282	501.68382	Fe 1
501.84182	501.78182	501.89582	Fe 2
501.96987	501.95382	501.98182	Fe 1
502.05001	502.02782	502.06082	Fe 1
502.16157	502.13382	502.17982	Fe 1
502.19411	502.17982	502.20682	Fe 1
502.22318	502.20682	502.25482	Fe 1
502.31872	502.30382	502.33482	Fe 1
502.34974	502.33482	502.36582	Fe 1
502.50640	502.50182	502.51982	Fe 1
502.71466	502.66682	502.74882	Fe 1
502.77594	502.74882	502.79382	Fe 1
502.81287	502.79382	502.87582	Fe 1
502.96220	502.92182	503.01882	Fe 1
503.07473	503.03982	503.08382	Fe 1
503.19129	503.16782	503.22682	Fe 1
503.44553	503.40782	503.46782	Fe 1*
503.69107	503.66982	503.71682	Fe 2
503.92610	503.90982	503.96182	Fe 1
504.09075	504.04382	504.09882	Fe 1
504.10289	504.09882	504.12682	Fe 1
504.17443	504.12682	504.20182	Fe 1*
504.42112	504.38182	504.46682	Fe 1
504.84318	504.82882	504.86182	Fe 1
504.98217	504.94682	505.02682	Fe 1
505.12815	505.09982	505.13982	Fe 1
505.16107	505.13982	505.18182	Fe 1
505.46381	505.42882	505.49182	Fe 1
505.59884	505.57282	505.61782	Fe 1
505.68412	505.65882	505.72082	Fe 1
505.74782	505.72082	505.77582	Fe 1*
506.00413	505.95982	506.04082	Fe 1*
506.50208	506.48082	506.56682	Fe 1
506.71476	506.69182	506.73982	Fe 1*
506.87690	506.84782	506.89682	Fe 1
506.94094	506.92482	506.96682	Fe 1
507.15054	507.12582	507.17382	Fe 1
507.20896	507.17382	507.21982	Fe 1
507.26743	507.24782	507.28282	Fe 1
507.47471	507.42582	507.49782	Fe 1
507.51711	507.49782	507.57082	Fe 1
507.62763	507.59582	507.64682	Fe 1
507.89784	507.86882	507.90982	Fe 1*
507.92184	507.90982	507.94782	Fe 1*
507.97345	507.94782	507.98982	Fe 1
508.33371	508.28282	508.35782	Fe 1
508.81506	508.79082	508.83382	Fe 1
509.07732	509.05282	509.11882	Fe 1
532.11059	532.09159	532.14782	Fe 1
532.20353	532.14782	532.23482	Fe 1
532.41743	532.36482	532.50482	Fe 1
532.55515	532.53582	532.57782	Fe 2
532.61470	532.59882	532.65682	Fe 1
532.80387	532.74282	532.81982	Fe 1
532.85228	532.84082	532.88882	Fe 1
532.99865	532.98182	533.02882	Fe 1
533.26641	533.24082	533.27182	Fe 1
533.28960	533.27182	533.33682	Fe 1
533.77410	533.74682	533.79782	Fe 2
533.99320	533.96782	534.02882	Fe 1
534.10283	534.07382	534.12582	Fe 1
534.97365	534.96282	534.99482	Fe 1
535.33924	535.26482	535.37582	Fe 1
536.16191	536.12782	536.20082	Fe 1
536.28582	536.24382	536.35882	Fe 2
536.48750	536.42782	536.51482	Fe 1
536.54009	536.51482	536.57182	Fe 1
536.74667	536.67982	536.82482	Fe 1
536.99643	536.96982	537.07982	Fe 1
537.14994	537.07982	537.18282	Fe 1
537.37066	537.32782	537.39982	Fe 1
537.95758	537.93282	537.98282	Fe 1
538.24731	538.20982	538.27382	Fe 1
538.33701	538.27382	538.44482	Fe 1
538.63326	538.61282	538.66082	Fe 1
538.75108	538.72482	538.77682	Fe 1
538.94746	538.92382	538.98082	Fe 1
539.14577	539.09382	539.17382	Fe 1
539.31679	539.25682	539.35982	Fe 1
539.71311	539.67682	539.74382	Fe 1
539.76195	539.74382	539.77882	Fe 1
539.82734	539.80082	539.86682	Fe 1
540.05099	540.01982	540.10182	Fe 1
540.38276	540.35482	540.39482	Fe 1
540.41388	540.39482	540.44182	Fe 1
540.45447	540.44182	540.48182	Fe 1
540.53531	540.51482	540.55282	Fe 1
540.57762	540.55282	540.61182	Fe 1
540.63355	540.61182	540.65582	Fe 1
540.67751	540.65582	540.71082	Fe 1
540.91429	540.89382	540.94182	Fe 1
541.09134	541.02682	541.11282	Fe 1
541.27782	541.23582	541.29782	Fe 1
541.40708	541.38482	541.43482	Fe 2
541.51989	541.43482	541.61782	Fe 1
541.70338	541.67382	541.74482	Fe 1
542.40703	542.27482	542.43882	Fe 1
542.52531	542.49482	542.55182	Fe 2
542.78135	542.75482	542.81982	Fe 2
542.96973	542.92482	543.01882	Fe 1
543.29602	543.27182	543.33882	Fe 1
543.45204	543.39082	543.48282	Fe 1
543.62966	543.60782	543.64282	Fe 1
543.65862	543.64282	543.68382	Fe 1
544.13338	544.10382	544.15982	Fe 1
544.50460	544.47382	544.53682	Fe 1
544.65820	544.62982	544.66982	Fe 1
544.69106	544.66982	544.73982	Fe 1
544.82688	544.80282	544.84882	Fe 1
546.29643	546.26982	546.31082	Fe 1
546.32712	546.31082	546.36682	Fe 1
546.42816	546.40682	546.45982	Fe 1
546.63965	546.61082	546.66882	Fe 1
546.69666	546.66882	546.72482	Fe 1
547.01332	546.97682	547.03482	Fe 1
547.27020	547.24282	547.29382	Fe 1
547.38996	547.36482	547.41282	Fe 1
547.62934	547.58482	547.64182	Fe 1
547.65649	547.64182	547.67282	Fe 1
548.08426	548.05482	548.10482	Fe 1
548.12584	548.10482	548.13482	Fe 1
548.14084	548.13482	548.16782	Fe 1
548.31046	548.27982	548.32482	Fe 1
548.71416	548.67982	548.73282	Fe 1
548.77435	548.73282	548.80082	Fe 1
549.33270	549.30482	549.36782	Fe 1
549.38324	549.36782	549.42182	Fe 1
549.44645	549.42182	549.46682	Fe 1
549.75024	549.68982	549.77782	Fe 1
550.14656	550.10982	550.18082	Fe 1
550.57795	550.51982	550.60682	Fe 1
550.67774	550.63982	550.72782	Fe 1
551.23059	551.19082	551.23482	Fe 1
551.24344	551.23482	551.27282	Fe 1
552.24479	552.21482	552.28482	Fe 1
552.39770	552.37382	552.41882	Fe 1
552.51130	552.46582	552.53082	Fe 2
552.55320	552.53082	552.57482	Fe 1
552.88593	552.87982	552.90382	Fe 1
553.48396	553.40682	553.51082	Fe 2
553.54232	553.51082	553.58282	Fe 1
554.31498	554.28282	554.34582	Fe 1
554.39327	554.34582	554.43882	Fe 1
554.65044	554.62382	554.67582	Fe 1
554.69984	554.67582	554.71782	Fe 1
554.95672	554.93082	554.98082	Fe 1
555.35975	555.33782	555.40982	Fe 1
555.48963	555.45182	555.53882	Fe 1
555.79483	555.76582	555.84482	Fe 1
556.02118	556.00282	556.08382	Fe 1
556.12407	556.08382	556.15682	Fe 1
556.21120	556.15682	556.24082	Fe 1
556.27048	556.24082	556.32282	Fe 1
556.36188	556.32282	556.39282	Fe 1
556.57002	556.50882	556.63682	Fe 1
556.73679	556.69982	556.76382	Fe 1
556.96165	556.90282	557.02882	Fe 1
557.28397	557.25582	557.30182	Fe 1
557.30799	557.30182	557.35582	Fe 1
557.60905	557.53882	557.66082	Fe 1
558.42647	558.40882	558.45582	Fe 1
558.47680	558.45582	558.50182	Fe 1
558.57244	558.54282	558.59582	Fe 1
558.62690	558.59582	558.64482	Fe 1
558.67603	558.64482	558.70382	Fe 1
558.75709	558.73482	558.76982	Fe 1
559.22035	559.17382	559.24782	Fe 1
560.01366	559.97182	560.05182	Fe 1
561.16766	561.14882	561.20782	Fe 1
561.53037	561.50082	561.54282	Fe 1
561.56434	561.54282	561.65182	Fe 1
561.86300	561.81882	561.88882	Fe 1
561.95964	561.93782	561.98382	Fe 1
562.04729	562.02082	562.09382	Fe 1
562.40273	562.33782	562.42282	Fe 1
562.45419	562.42282	562.50582	Fe 1
562.75024	562.73082	562.78882	Fe 2
563.17277	563.14582	563.22382	Fe 1
563.39433	563.34682	563.44182	Fe 1
563.58219	563.55682	563.60182	Fe 1
563.82626	563.79082	563.85382	Fe 1
564.03300	563.99382	564.07182	Fe 1
564.14343	564.12282	564.16582	Fe 1
564.40278	564.35682	564.45682	Fe 1
564.58246	564.56982	564.63782	Fe 1
564.99843	564.98382	565.02282	Fe 1
565.06952	565.02282	565.11782	Fe 1
565.38662	565.29282	565.42482	Fe 1
565.51751	565.50082	565.53182	Fe 1
565.54927	565.53182	565.62882	Fe 1
565.87808	565.84282	565.93182	Fe 1
566.13422	566.11382	566.16782	Fe 1
566.25135	566.22882	566.27282	Fe 1
566.29287	566.27282	566.35382	Fe 1
566.75654	566.73382	566.79382	Fe 1
567.18221	567.13582	567.20882	Fe 1
567.90283	567.87482	567.95482	Fe 1
568.65261	568.62682	568.67582	Fe 1
569.14943	569.09082	569.20382	Fe 1
570.15374	570.13082	570.18182	Fe 1
570.54654	570.51282	570.57082	Fe 1
570.59912	570.57082	570.62582	Fe 1
570.70338	570.67282	570.74882	Fe 1
570.81056	570.78282	570.82082	Fe 1
570.94077	570.90782	570.97782	Fe 1
571.21310	571.20082	571.25482	Fe 1
571.78308	571.74982	571.80682	Fe 1
573.17624	573.15482	573.19382	Fe 1
574.18488	574.15282	574.24282	Fe 1
574.39352	574.36882	574.41282	Fe 1
574.79245	574.77982	574.81682	Fe 1
575.20300	575.17282	575.23882	Fe 1
575.31233	575.23882	575.33782	Fe 1
575.95284	575.93682	575.97382	Fe 1
576.03211	576.02082	576.05782	Fe 1
576.23953	576.19882	576.26682	Fe 1
576.29861	576.26682	576.33182	Fe 1
577.39913	577.36782	577.42682	Fe 1
577.50841	577.47882	577.54582	Fe 1
578.06495	578.04782	578.10082	Fe 1
578.46600	578.44282	578.48082	Fe 1
578.56612	578.54682	578.58882	Fe 1
579.39113	579.34482	579.41882	Fe 1
579.81749	579.80182	579.84382	Fe 1
580.40295	580.37982	580.41682	Fe 1
580.57824	580.55082	580.60482	Fe 1
580.67179	580.64582	580.69782	Fe 1
580.92148	580.87082	580.95882	Fe 1
597.53509	597.48982	597.56482	Fe 1*
597.67752	597.65582	597.75382	Fe 1
597.89170	597.87082	597.93882	Fe 1
598.36830	598.33982	598.40282	Fe 1
598.48192	598.44682	598.50782	Fe 1
598.70637	598.64382	598.75782	Fe 1*
599.13653	599.11082	599.16582	Fe 2
599.77210	599.72582	599.85982	Fe 1*
600.30099	600.27182	600.34682	Fe 1
600.79553	600.75382	600.82482	Fe 1
600.85561	600.82482	600.89982	Fe 1
602.01739	601.96082	602.10982	Fe 1
602.40582	602.31582	602.49082	Fe 1
602.70514	602.62082	602.74882	Fe 1
602.90485	602.87582	602.98682	Fe 1
604.19433	604.16582	604.21382	Fe 1
605.60090	605.56582	605.64482	Fe 1
605.72489	605.67982	605.74382	Fe 1
606.33116	606.30982	606.36982	Fe 1
606.54848	606.48782	606.66782	Fe 1
607.84890	607.81282	607.87582	Fe 1
607.90055	607.87582	607.93682	Fe 1
608.27156	608.25382	608.31882	Fe 1
608.41040	608.38582	608.47782	Fe 2
608.52509	608.47782	608.56482	Fe 1
609.36433	609.33682	609.40182	Fe 1
609.66619	609.61682	609.69282	Fe 1
610.21703	610.17482	610.24182	Fe 1
610.32199	610.29782	610.37382	Fe 1
610.73288	610.69282	610.75482	Fe 1
611.33116	611.30982	611.36082	Fe 2
612.79052	612.76082	612.85982	Fe 1
612.95888	612.93482	612.99082	Fe 1
613.66121	613.60282	613.68282	Fe 1
613.69898	613.68282	613.72082	Fe 1
613.76799	613.72082	613.81882	Fe 1
614.77534	614.73882	614.84282	Fe 2
614.92458	614.84282	614.95682	Fe 2
615.16142	615.05482	615.18882	Fe 1
615.67798	615.65182	615.71982	Fe 1
615.77280	615.74182	615.79582	Fe 1
616.53569	616.48782	616.56682	Fe 1
617.05128	617.01682	617.07782	Fe 1
617.33372	617.29582	617.35582	Fe 1
618.02026	617.99182	618.04782	Fe 1
618.79846	618.76482	618.85482	Fe 1
619.15543	619.13382	619.21082	Fe 1
620.03112	619.98482	620.10982	Fe 1
620.82125	620.75682	620.83782	Fe 1
621.34282	621.26682	621.37382	Fe 1
621.51597	621.48682	621.52982	Fe 1
621.54165	621.52982	621.60082	Fe 1
621.63597	621.60082	621.67582	Fe 1
621.92812	621.86182	621.97382	Fe 1
