betCas_2011-11-05_17-31-19.fits  A  5871.23537  10   BNS/gau   6.313   0.96 145.62  93.71  1.7231    11.7629    -1.0286    1.208  
betCas_2011-11-05_17-41-03.fits  A  5871.24213  10   BNS/gau   5.854   0.96 146.47  101.61 0.8679    10.9077    -1.8910    1.121  
betCas_2011-11-05_17-49-05.fits  A  5871.24770  10   BNS/gau   5.886   0.96 145.13  117.98 0.9270    10.9668    -1.8380    0.958  
betCas_2011-11-05_17-56-59.fits  A  5871.25319  10   BNS/gau   5.861   0.96 148.71  111.56 0.8812    10.9210    -1.8898    1.038  
betCas_2011-11-05_18-05-23.fits  A  5871.25902  10   BNS/gau   6.337   0.96 146.24  105.57 1.7674    11.8072    -1.0101    1.078  
betCas_2011-11-05_18-13-28.fits  A  5871.26464  10   BNS/gau   6.682   0.96 147.11  114.05 2.4104    12.4503    -0.3736    1.004  
betCas_2011-11-05_18-21-25.fits  A  5871.27016  10   BNS/gau   7.186   0.96 149.51  103.07 3.3498    13.3896    0.5594     1.128  
betCas_2011-11-05_18-29-35.fits  A  5871.27583  10   BNS/gau   7.735   0.96 152.11  132.39 4.3719    14.4118    1.5749     0.896  
betCas_2011-11-05_18-37-26.fits  A  5871.28128  10   BNS/gau   8.254   0.95 154.52  99.49  5.3389    15.3788    2.5355     1.208  
betCas_2011-11-05_18-45-24.fits  A  5871.28681  10   BNS/gau   8.739   0.95 155.63  91.34  6.2439    16.2838    3.4339     1.324  
betCas_2011-11-05_18-53-39.fits  A  5871.29254  10   BNS/gau   9.091   0.96 153.67  113.25 6.8999    16.9398    4.0830     1.056  
betCas_2011-11-05_19-01-39.fits  A  5871.29810  10   BNS/gau   9.325   0.96 154.44  109.74 7.3347    17.3747    4.5111     1.095  
betCas_2011-11-05_19-12-05.fits  A  5871.30534  10   BNS/gau   9.315   0.95 155.26  98.66  7.3163    17.3563    4.4839     1.224  
betCas_2011-11-05_19-20-30.fits  A  5871.31119  10   BNS/gau   9.139   0.95 153.94  101.75 6.9892    17.0292    4.1496     1.177  
betCas_2011-11-05_19-28-47.fits  A  5871.31694  10   BNS/gau   8.635   0.96 154.07  90.21  6.0500    16.0899    3.2033     1.327  
betCas_2011-11-05_19-38-14.fits  A  5871.32350  10   BNS/gau   7.959   0.96 153.34  106.56 4.7892    14.8291    1.9344     1.120  
betCas_2011-11-05_19-46-24.fits  A  5871.32917  10   BNS/gau   7.281   0.95 151.40  96.82  3.5268    13.5666    0.6649     1.216  
betCas_2011-11-05_19-54-54.fits  A  5871.33508  10   BNS/gau   6.735   0.95 148.72  96.72  2.5088    12.5486    -0.3603    1.195  
betCas_2011-11-05_20-03-14.fits  A  5871.34086  10   BNS/gau   6.322   0.95 146.57  113.98 1.7392    11.7790    -1.1372    1.001  
betCas_2011-11-05_20-11-25.fits  A  5871.34655  10   BNS/gau   5.888   0.96 151.35  119.22 0.9319    10.9716    -1.9516    0.989  
betCas_2011-11-05_20-19-42.fits  A  5871.35230  10   BNS/gau   5.897   0.96 149.34  116.32 0.9478    10.9876    -1.9427    1.000  
betCas_2011-11-05_20-27-56.fits  A  5871.35802  10   BNS/gau   6.236   0.95 145.81  109.31 1.5800    11.6198    -1.3177    1.038  
betCas_2011-11-05_20-36-09.fits  A  5871.36372  10   BNS/gau   6.537   0.95 146.84  89.42  2.1409    12.1807    -0.7638    1.275  
betCas_2011-11-05_20-44-22.fits  A  5871.36943  10   BNS/gau   6.920   0.96 148.14  95.78  2.8532    12.8930    -0.0585    1.202  
betCas_2011-11-05_20-52-19.fits  A  5871.37495  10   BNS/gau   7.434   0.95 150.49  68.82  3.8119    13.8518    0.8935     1.693  
betCas_2011-11-05_21-00-41.fits  A  5871.38076  10   BNS/gau   8.012   0.95 150.62  99.26  4.8881    14.9280    1.9626     1.180  
betCas_2011-11-05_21-08-58.fits  A  5871.38651  10   BNS/gau   8.452   0.95 152.02  77.18  5.7083    15.7483    2.7759     1.527  
betCas_2011-11-05_21-17-03.fits  A  5871.39212  10   BNS/gau   8.873   0.95 154.70  79.11  6.4920    16.5319    3.5528     1.517  
betCas_2011-11-05_21-25-18.fits  A  5871.39785  10   BNS/gau   9.213   0.95 154.35  70.57  7.1272    17.1672    4.1813     1.694  
betCas_2011-11-05_21-33-30.fits  A  5871.40355  10   BNS/gau   9.219   0.95 157.22  86.54  7.1379    17.1778    4.1852     1.411  
betCas_2011-11-05_21-41-59.fits  A  5871.40944  10   BNS/gau   9.056   0.95 154.90  90.47  6.8344    16.8744    3.8749     1.330  
betCas_2011-11-05_21-57-18.fits  A  5871.42008  10   BNS/gau   8.325   0.95 155.18  113.79 5.4718    15.5117    2.5002     1.062  
betCas_2011-11-05_22-05-23.fits  A  5871.42569  10   BNS/gau   7.732   0.96 153.15  103.63 4.3665    14.4064    1.3887     1.150  
betCas_2011-11-05_22-13-21.fits  A  5871.43122  10   BNS/gau   7.141   0.96 150.84  107.67 3.2657    13.3056    0.2818     1.090  
betCas_2011-11-05_22-21-29.fits  A  5871.43687  10   BNS/gau   6.561   0.96 148.34  121.10 2.1847    12.2245    -0.8053    0.954  
betCas_2011-11-05_22-29-19.fits  A  5871.44231  10   BNS/gau   6.213   0.96 146.41  87.95  1.5366    11.5764    -1.4592    1.293  
betCas_2011-11-05_22-37-10.fits  A  5871.44776  10   BNS/gau   5.874   0.96 149.07  112.81 0.9052    10.9450    -2.0963    1.029  
betCas_2011-11-05_22-45-08.fits  A  5871.45329  10   BNS/gau   5.857   0.96 147.99  88.36  0.8730    10.9127    -2.1342    1.301  
betCas_2011-11-05_22-53-06.fits  A  5871.45883  10   BNS/gau   6.088   0.96 145.48  96.18  1.3042    11.3440    -1.7084    1.176  
betCas_2011-11-05_23-01-05.fits  A  5871.46437  10   BNS/gau   6.442   0.96 148.05  86.87  1.9635    12.0033    -1.0546    1.323  
betCas_2011-11-05_23-09-06.fits  A  5871.46994  10   BNS/gau   6.875   0.96 148.37  81.90  2.7696    12.8094    -0.2538    1.406  
betCas_2011-11-05_23-17-27.fits  A  5871.47574  10   BNS/gau   7.344   0.96 151.52  119.01 3.6431    13.6829    0.6143     0.992  
betCas_2011-11-05_23-33-15.fits  A  5871.48671  10   BNS/gau   8.235   0.96 154.52  110.60 5.3038    15.3437    2.2652     1.087  
betCas_2011-11-05_23-41-07.fits  A  5871.49217  10   BNS/gau   8.594   0.95 155.73  101.77 5.9730    16.0129    2.9297     1.190  
betCas_2011-11-05_23-49-28.fits  A  5871.49797  10   BNS/gau   8.948   0.95 157.47  102.89 6.6325    16.6725    3.5844     1.190  
betCas_2011-11-05_23-57-40.fits  A  5871.50366  10   BNS/gau   9.070   0.96 156.04  89.40  6.8601    16.9000    3.8074     1.356  
betCas_2011-11-06_00-05-35.fits  A  5871.50916  10   BNS/gau   9.057   0.96 156.16  118.78 6.8351    16.8750    3.7781     1.024  
betCas_2011-11-06_00-13-25.fits  A  5871.51460  10   BNS/gau   8.823   0.96 156.24  114.66 6.3990    16.4390    3.3380     1.061  
betCas_2011-11-06_00-21-20.fits  A  5871.52010  10   BNS/gau   8.389   0.96 156.51  92.92  5.5902    15.6301    2.5253     1.309  
betCas_2011-11-06_00-29-12.fits  A  5871.52556  10   BNS/gau   7.823   0.96 154.45  104.00 4.5367    14.5765    1.4680     1.155  
