2450631.7429  264.9  -0.7
2450785.5092 -273.0  -3.7
2450785.5204 -252.4 -11.1
2451080.5304 -270.5  -3.2
2451080.5416 -278.6   8.1
2451080.5542 -294.0   2.7
2451080.5650 -297.5  -2.7
2451080.5768 -271.9  10.0
2451080.5875 -263.6  -2.8
2451080.5992 -224.9   3.3
2451080.6099 -187.8   3.1
2451085.5773  237.8  -1.5
2451085.5880  279.6  14.9
2451085.5998  287.2   4.5
2451085.6104  288.3  -1.1
2451085.6235  267.2 -17.6
2451085.6342  281.9  11.2
2451085.6459  257.7  12.4
2451085.6566  206.0  -7.6