0.99
0.29
0.28
0.47
0.21
0.25
0.22
0.10
0.73
0.09
0.45
0.50
0.22
0.33
0.87
0.73
0.77
0.40
0.19
1.00
0.94
0.29
0.57
0.63
0.63
0.12
0.10
0.17
0.78
0.44
0.18
0.70
0.32
0.47
0.94
0.42
0.18
0.33
0.45
0.93
0.27
0.18
0.38
0.89
0.98
0.78
0.18
0.54
0.37
0.25
0.76
0.22
0.39
0.69
0.09
0.40
0.38
0.31
0.65
0.09
0.55
0.52
0.82
0.78
0.36
0.25
1.00
0.10
0.64
0.53
0.13
0.97
0.74
0.97
0.99
0.58
0.06
0.23
0.84
0.49
0.67
0.28
0.25
0.87
0.51
0.82
0.90
0.57
0.08
0.33
0.89
0.48
0.52
0.88
0.57
0.20
0.76
0.93
0.96
0.74
0.05
0.96
0.52
0.63
0.79
0.09
0.67
0.43
0.25
0.73
0.23
1.00
0.39
0.02
0.91
0.89
0.02
0.89
0.32
0.46
0.37
0.22
0.68
0.07
0.17
0.84
0.20
0.52
0.97
0.80
0.53
0.50
0.71
0.76
0.52
0.71
0.92
0.72
0.67
0.49
0.17
0.00
0.30
0.28
0.06
0.28
0.36
0.69
0.30
0.32
0.69
0.98
0.49
0.45
0.66
0.95
0.87
0.41
0.99
0.77
0.33
0.17
0.74
0.60
0.27
0.63
0.53
0.75
0.74
0.88
0.70
0.41
0.83
0.90
0.27
0.64
0.85
0.16
0.84
0.63
0.69
0.40
0.29
0.34
0.25
0.92
0.80
0.21
0.55
0.16
0.53
0.38
0.10
0.96
0.45
0.03
0.79
0.50
0.54
0.47
0.25
0.37
0.90
0.65
0.07
0.79
0.91
0.30
0.72
0.25
0.19
0.57
0.81
0.88
0.11
0.87
0.19
0.98
0.86
0.19
0.01
0.09
0.58
0.83
0.29
0.37
0.07
0.77
0.56
0.32
0.51
0.75
0.98
0.15
0.36
0.51
0.56
1.00
0.74
0.95
0.16
0.18
0.25
0.53
0.42
0.09
0.25
0.33
0.85
0.25
0.05
0.18
0.05
0.24
0.77
0.02
0.95
0.75
0.03
0.22
0.17
0.59
0.62
0.88
0.12
0.16
0.02
0.44
0.41
0.51
0.19
0.20
0.92
0.47
0.30
0.45
0.56
0.39
0.45
0.62
0.07
0.57
0.37
0.08
0.37
0.49
0.61
0.81
0.42
0.24
0.87
0.29
0.89
0.49
0.53
1.00
0.04
0.53
0.48
0.96
0.53
0.42
0.87
0.49
0.79
0.60
0.87
0.16
0.06
0.23
0.65
0.54
0.69
0.21
0.63
0.79
0.54
0.14
0.16
0.65
0.50
0.04
0.70
0.02
0.57
0.17
0.21
0.50
0.41
0.33
0.25
0.20
0.89
0.32
0.70
0.69
0.82
0.84
0.94
0.54
0.98
0.10
0.18
0.29
0.79
0.07
0.94
0.63
0.35
0.35
0.23
0.14
0.58
0.69
0.38
0.30
0.92
0.28
0.62
0.30
0.35
0.39
0.35
0.67
0.37
0.46
0.20
0.75
0.65
0.41
0.24
0.40
0.34
0.23
0.20
0.41
0.65
0.25
0.84
0.61
0.85
0.36
0.94
0.72
0.34
0.83
0.65
0.97
0.06
0.86
0.92
0.54
0.76
0.01
0.98
0.87
0.90
0.91
0.16
0.67
0.90
0.03
0.63
0.35
0.58
0.51
0.99
0.06
0.65
0.65
0.81
0.39
0.89
0.72
0.00
0.82
0.39
0.28
0.49
0.89
0.84
0.98
0.43
0.47
0.48
0.42
0.76
0.16
0.91
0.50
0.48
0.91
0.01
0.95
0.38
0.84
0.89
0.85
0.88
0.37
0.56
0.36
0.37
0.00
0.50
0.13
0.76
0.53
0.04
0.62
0.39
0.47
0.06
0.90
0.78
0.44
0.29
0.76
0.97
0.56
0.20
0.93
0.09
0.54
0.91
0.67
0.80
0.88
0.26
0.41
0.95
0.55
0.08
0.41
0.68
0.68
0.11
0.85
0.49
0.33
0.42
0.84
0.24
0.66
0.07
0.40
0.29
0.42
0.48
0.50
0.05
0.33
0.91
0.38
0.52
0.38
0.71
0.16
0.36
0.20
0.97
0.34
0.62
0.51
0.60
0.31
0.50
0.46
0.86
0.54
0.89
0.77
0.65
0.30
0.44
0.15
0.84
0.61
0.88
0.57
0.14
0.18
0.55
0.24
0.61
0.66
0.46
0.71
0.27
0.47
0.21
0.72
0.64
0.78
0.48
0.90
0.38
0.89
0.62
0.43
0.77
0.19
0.24
0.44
0.54
0.41
0.64
0.84
0.32
0.71
0.92
0.12
0.64
0.82
0.30
0.58
0.16
0.96
0.43
0.51
0.67
0.66
0.08
0.84
0.85
0.60
0.30
0.02
0.84
0.89
0.03
0.72
0.44
0.62
0.75
0.48
0.33
0.97
0.21
0.82
0.97
0.38
0.67
0.80
0.78
0.98
0.98
0.67
0.47
0.13
0.88
0.28
0.75
0.14
0.49
0.42
0.57
0.81
0.91
0.40
0.96
0.51
0.01
0.11
0.74
0.18
0.53
0.59
0.62
0.00
0.52
0.64
0.33
0.79
0.76
0.16
0.22
0.32
0.92
0.32
0.20
0.78
0.07
0.64
0.77
0.33
0.57
0.66
0.29
0.35
0.65
0.27
0.17
0.97
0.96
0.61
0.65
0.96
0.01
0.80
0.08
0.72
0.15
0.18
0.17
0.13
0.10
0.69
0.00
0.10
0.72
0.09
0.06
0.81
0.45
0.85
0.04
0.27
0.06
0.67
0.45
0.51
0.37
0.10
0.90
0.88
0.87
0.25
0.67
0.82
0.49
0.47
0.16
0.53
0.45
0.14
0.65
0.64
0.71
0.01
0.11
0.73
0.16
0.68
0.80
0.64
0.16
0.25
0.12
0.62
0.83
0.94
0.11
0.01
0.63
0.33
0.73
0.84
0.82
0.71
0.32
0.69
0.14
0.36
0.40
0.83
0.66
0.65
0.23
0.21
0.69
0.41
0.70
0.68
0.75
0.19
0.85
0.82
0.83
0.93
0.76
0.33
0.01
0.09
0.39
0.83
0.49
0.93
0.16
0.21
0.51
0.06
0.60
0.55
0.45
0.88
0.49
0.94
0.62
0.38
0.06
0.22
0.86
0.99
0.51
0.36
0.88
0.22
0.98
0.26
0.36
0.91
0.43
0.35
0.41
0.92
0.34
0.95
0.95
0.96
0.14
0.82
0.89
0.08
0.31
0.64
0.09
0.88
0.64
0.42
1.00
0.30
0.43
0.35
0.47
0.08
0.96
0.77
0.66
0.68
0.37
0.91
0.61
0.38
0.83
0.96
0.06
0.41
0.73
0.87
0.43
0.76
0.20
0.57
0.93
0.20
0.45
0.53
0.62
0.44
0.07
0.70
0.50
0.77
0.87
0.02
0.60
0.09
0.99
0.18
0.85
0.69
0.36
0.44
0.74
0.62
0.41
0.65
0.93
0.17
0.29
0.33
0.40
0.50
0.85
0.47
0.20
0.97
0.38
0.37
0.34
0.75
0.56
0.52
0.13
0.00
0.25
0.73
0.50
0.54
0.43
0.33
0.01
0.78
0.33
0.65
0.17
0.14
0.16
0.52
0.56
0.86
0.78
0.09
0.80
0.36
0.40
0.91
0.49
0.36
0.64
0.86
0.77
0.92
0.69
0.52
0.78
0.50
0.45
0.73
0.98
0.43
0.89
0.02
0.19
0.38
0.91
0.14
0.99
0.47
0.58
0.97
0.95
0.97
0.48
0.21
0.66
0.18
0.09
0.45
0.21
0.97
0.85
0.95
0.45
0.53
0.11
0.31
0.16
0.23
0.26
0.67
0.92
0.23
0.81
0.80
0.08
0.52
0.47
0.06
0.97
0.08
0.21
0.27
0.18
0.40
0.12
0.63
0.89
0.03
0.08
0.99
0.64
0.82
0.75
0.69
0.45
0.90
0.40
0.41
0.08
0.98
0.53
0.24
0.91
0.76
0.69
0.18
0.99
0.98
0.21
0.55
0.76
0.57
0.90
0.05
0.91
0.90
0.44
0.56
0.95
0.93
0.61
0.67
0.65
0.62
0.00
0.96
0.24
0.42
0.83
0.87
0.70
0.59
0.53
0.55
0.59
0.85
0.72
0.73
0.94
0.39
0.93
0.15
0.79
0.38
0.09
0.42
0.80
0.08
0.05
0.54
0.53
0.91
0.06
0.69
0.62
0.23
0.08
0.25
0.85
0.52
0.84
0.32
0.30
0.79
1.00
0.44
0.69
0.66
