 age/yr       logL   logTef grav   logTc  logrho Xc,Yc Xc_C    Xc_O    Q_conv Q_disc  logL_H Q1_H  Q2_H    logL_He Q1_He Q2_He  logL_C logL_nu Q_Tmax stage
 0.00000E+00  2.738  4.233  4.276  7.435  1.324  0.707 4.44E-5 9.10E-3 0.2921 0.0000  2.697 0.0000 0.4337  0.000 0.0000 0.0000  0.000  0.000  0.0000  M=  5.00  Z=0.019  Y=0.2
 1.75152E+06  2.716  4.229  4.280  7.435  1.314  0.699 4.91E-5 8.19E-3 0.3182 0.3190  2.717 0.0000 0.4337  0.000 0.0000 0.0000  0.000  0.000  0.0000          
 2.82372E+07  2.775  4.214  4.162  7.433  1.276  0.598 8.49E-5 3.67E-3 0.2891 0.3839  2.777 0.0000 0.2661  0.000 0.0000 0.0000  0.000  0.000  0.0000          
 4.92764E+07  2.835  4.202  4.056  7.441  1.269  0.498 1.00E-4 2.10E-3 0.2608 0.4270  2.837 0.0000 0.2430  0.000 0.0000 0.0000  0.000  0.000  0.0000          
 6.57587E+07  2.891  4.188  3.946  7.451  1.274  0.400 1.10E-4 1.34E-3 0.2325 0.4403  2.892 0.0000 0.2197  0.000 0.0000 0.0000  0.000  0.000  0.0000          
 7.88467E+07  2.942  4.170  3.820  7.463  1.289  0.298 1.19E-4 9.25E-4 0.2072 0.4469  2.944 0.0000 0.1956  0.000 0.0000 0.0000  0.000  0.000  0.0000          
 8.91188E+07  2.986  4.147  3.683  7.478  1.319  0.199 1.27E-4 7.01E-4 0.1797 0.4469  2.988 0.0000 0.1720  0.000 0.0000 0.0000  0.000  0.000  0.0000          
 9.71010E+07  3.024  4.118  3.531  7.501  1.376  0.099 1.39E-4 5.65E-4 0.1509 0.4469  3.026 0.0000 0.1481  0.000 0.0000 0.0000  0.000  0.000  0.0000          
 1.00357E+08  3.044  4.105  3.461  7.520  1.432  0.050 1.48E-4 5.14E-4 0.1366 0.4469  3.044 0.0000 0.1366  0.000 0.0000 0.0000  0.000  0.000  0.0000          
 1.01407E+08  3.053  4.104  3.445  7.531  1.467  0.032 1.54E-4 4.97E-4 0.1313 0.4469  3.053 0.0000 0.1330  0.000 0.0000 0.0000  0.000  0.000  0.0000  Te-m    
 1.02611E+08  3.074  4.113  3.461  7.562  1.559  0.010 1.71E-4 4.72E-4 0.1234 0.4469  3.070 0.0000 0.1797  0.000 0.0000 0.0000  0.000  0.000  0.0000          
 1.03066E+08  3.121  4.145  3.546  7.617  1.741  0.001 2.01E-4 4.60E-4 0.1078 0.4469  3.068 0.0000 0.2438  0.000 0.0000 0.0000  0.000  0.000  0.0000          
 1.03109E+08  3.147  4.158  3.571  7.642  1.868  0.000 2.16E-4 4.58E-4 0.0791 0.4469  3.032 0.0000 0.2860  0.000 0.0000 0.0000  0.000  0.000  0.0000          
 1.03121E+08  3.151  4.162  3.579  7.651  1.979  0.000 2.22E-4 4.57E-4 0.0385 0.4469  3.069 0.0000 0.3702  0.000 0.0000 0.0000  0.000  0.000  0.0000  Te-M    
 1.03128E+08  3.143  4.160  3.581  7.642  2.079  0.000 2.26E-4 4.57E-4 0.0000 0.4469  3.172 0.0000 0.3413  0.000 0.0000 0.0000  0.000  0.000  0.0000  Xc=0    
 1.03144E+08  3.099  4.145  3.564  7.624  2.236  0.982 2.26E-4 4.57E-4 0.0000 0.4469  3.205 0.0192 0.2993  0.000 0.0000 0.0000  0.000  0.000  0.0000          
 1.03159E+08  3.093  4.127  3.497  7.623  2.349  0.982 2.26E-4 4.57E-4 0.0000 0.4469  3.196 0.0297 0.2829  0.000 0.0000 0.0000  0.000  0.000  0.0000          
 1.03179E+08  3.116  4.107  3.397  7.628  2.462  0.982 2.26E-4 4.57E-4 0.0000 0.4469  3.201 0.0373 0.2651  0.000 0.0000 0.0000  0.000  0.000  0.0000          
 1.03198E+08  3.131  4.091  3.319  7.633  2.547  0.982 2.26E-4 4.57E-4 0.0000 0.4469  3.203 0.0451 0.2576  0.000 0.0000 0.0000  0.000  0.000  0.0000          
 1.03220E+08  3.139  4.074  3.240  7.641  2.633  0.982 2.26E-4 4.57E-4 0.0000 0.4469  3.204 0.0533 0.2468  0.000 0.0000 0.0000  0.000  0.000  0.0000          
 1.03244E+08  3.143  4.055  3.159  7.651  2.720  0.982 2.26E-4 4.57E-4 0.0000 0.4469  3.203 0.0592 0.2405  0.000 0.0000 0.0000  0.000  0.000  0.0000          
 1.03253E+08  3.143  4.048  3.130  7.655  2.749  0.982 2.26E-4 4.57E-4 0.0000 0.4469  3.202 0.0633 0.2375  0.000 0.0000 0.0000  0.000  0.000  0.0000  L-M     
 1.03281E+08  3.141  4.025  3.041  7.669  2.837  0.982 2.26E-4 4.57E-4 0.0000 0.4469  3.199 0.0697 0.2270  0.000 0.0000 0.0000  0.000  0.000  0.0000          
 1.03301E+08  3.137  4.008  2.977  7.680  2.896  0.982 2.26E-4 4.57E-4 0.0000 0.4469  3.196 0.0749 0.2214  0.000 0.0000 0.0000  0.000  0.000  0.0000          
 1.03321E+08  3.131  3.989  2.907  7.691  2.955  0.982 2.26E-4 4.57E-4 0.0000 0.4469  3.192 0.0789 0.2168  0.000 0.0000 0.0000  0.000  0.000  0.0000          
 1.03342E+08  3.122  3.967  2.831  7.705  3.015  0.982 2.26E-4 4.57E-4 0.0000 0.4469  3.187 0.0848 0.2112  0.000 0.0000 0.0000  0.000  0.000  0.0000          
 1.03363E+08  3.109  3.943  2.747  7.719  3.074  0.982 2.26E-4 4.57E-4 0.0000 0.4469  3.180 0.0889 0.2057  0.000 0.0000 0.0000  0.000  0.000  0.0000          
 1.03385E+08  3.093  3.916  2.654  7.734  3.134  0.982 2.26E-4 4.57E-4 0.0000 0.4469  3.171 0.0941 0.2014  0.000 0.0000 0.0000  0.000  0.000  0.0000          
 1.03395E+08  3.083  3.900  2.602  7.742  3.164  0.982 2.26E-4 4.57E-4 0.0000 0.4469  3.166 0.0962 0.1985  0.000 0.0000 0.0000  0.000  0.000  0.0000          
 1.03406E+08  3.071  3.883  2.546  7.751  3.194  0.982 2.26E-4 4.57E-4 0.0000 0.4469  3.161 0.0977 0.1955  0.000 0.0000 0.0000  0.000  0.000  0.0000          
 1.03417E+08  3.057  3.865  2.486  7.759  3.224  0.982 2.26E-4 4.57E-4 0.0000 0.4469  3.154 0.1003 0.1936  0.000 0.0000 0.0000  0.000  0.000  0.0000          
 1.03427E+08  3.042  3.845  2.421  7.768  3.255  0.982 2.26E-4 4.57E-4 0.0000 0.4469  3.146 0.1025 0.1910  0.000 0.0000 0.0000  0.000  0.000  0.0000          
 1.03438E+08  3.023  3.822  2.348  7.777  3.285  0.982 2.26E-4 4.57E-4 0.0000 0.4469  3.138 0.1046 0.1887  0.000 0.0000 0.0000  0.000  0.000  0.0000          
 1.03449E+08  3.002  3.797  2.268  7.787  3.315  0.982 2.26E-4 4.57E-4 0.0000 0.4469  3.129 0.1068 0.1864  0.000 0.0000 0.0000  0.000  0.000  0.0000          
 1.03459E+08  2.978  3.768  2.179  7.796  3.345  0.982 2.26E-4 4.57E-4 0.0000 0.4469  3.118 0.1089 0.1844  0.000 0.0000 0.0000  0.000  0.000  0.0000          
 1.03469E+08  2.949  3.740  2.095  7.806  3.375  0.982 2.26E-4 4.57E-4 0.0000 0.4469  3.105 0.1100 0.1817  0.000 0.0000 0.0000  0.000  0.000  0.0000          
 1.03480E+08  2.915  3.720  2.047  7.816  3.406  0.982 2.26E-4 4.57E-4 0.0000 0.4469  3.091 0.1122 0.1792  0.000 0.0000 0.0000  0.000  0.000  0.0000          
 1.03490E+08  2.874  3.704  2.027  7.826  3.436  0.982 2.26E-4 4.57E-4 0.0000 0.4469  3.076 0.1141 0.1774  0.000 0.0000 0.0000  0.000  0.000  0.0000          
 1.03500E+08  2.829  3.691  2.017  7.836  3.466  0.982 2.26E-4 4.57E-4 0.0000 0.4469  3.058 0.1150 0.1754  0.000 0.0000 0.0000  0.000  0.000  0.0000          
 1.03510E+08  2.810  3.679  1.989  7.846  3.496  0.982 2.26E-4 4.57E-4 0.0000 0.4469  3.041 0.1170 0.1734  0.000 0.0000 0.0000  0.000  0.000  0.0000  Brg     
 1.03531E+08  2.899  3.658  1.818  7.867  3.556  0.982 2.26E-4 4.57E-4 0.0000 0.4469  3.026 0.1200 0.1700  0.000 0.0000 0.0000  0.000  0.000  0.0000          
 1.03541E+08  2.968  3.651  1.719  7.877  3.585  0.982 2.26E-4 4.57E-4 0.0000 0.4436  3.033 0.1214 0.1687  0.000 0.0000 0.0000  0.000  0.000  0.0000          
 1.03557E+08  3.044  3.643  1.610  7.892  3.631  0.982 2.26E-4 4.57E-4 0.0000 0.4270  3.054 0.1232 0.1676  0.000 0.0000 0.0000  0.000  0.000  0.0000          
 1.03580E+08  3.102  3.636  1.526  7.913  3.693  0.982 2.26E-4 4.57E-4 0.0000 0.3615  3.090 0.1259 0.1662  0.000 0.0000 0.0000  0.000  0.000  0.0000          
 1.03610E+08  3.161  3.632  1.450  7.941  3.775  0.982 2.26E-4 4.57E-4 0.0000 0.3161  3.139 0.1297 0.1647  0.000 0.0000 0.0000  0.000  0.000  0.0000          
 1.03643E+08  3.219  3.627  1.372  7.972  3.865  0.982 2.27E-4 4.57E-4 0.0000 0.2772  3.195 0.1341 0.1639  0.000 0.0000 0.0000  0.000  0.000  0.0000          
 1.03677E+08  3.277  3.622  1.294  8.003  3.955  0.982 2.29E-4 4.57E-4 0.0000 0.2464  3.251 0.1378 0.1633  0.000 0.0000 0.0028  0.000  0.000  0.0000          
 1.03710E+08  3.335  3.617  1.218  8.034  4.041  0.982 2.91E-4 4.57E-4 0.0000 0.2247  3.306 0.1418 0.1631 -0.364 0.0000 0.0118  0.000  0.000  0.0000          
 1.03744E+08  3.392  3.613  1.143  8.076  4.109  0.980 1.25E-3 4.58E-4 0.0028 0.2097  3.363 0.1452 0.1633  1.218 0.0000 0.0166  0.000  0.000  0.0000          
 1.03839E+08  3.440  3.609  1.080  8.110  3.967  0.974 7.28E-3 4.67E-4 0.0451 0.2027  3.412 0.1524 0.1673  2.195 0.0000 0.0183  0.000  0.000  0.0000  Tip     
 1.04231E+08  3.379  3.614  1.162  8.115  3.886  0.949 3.10E-2 6.48E-4 0.0451 0.2027  3.344 0.1670 0.1819  2.224 0.0000 0.0201  0.000  0.000  0.0000          
 1.04454E+08  3.322  3.619  1.239  8.119  3.860  0.934 4.43E-2 8.65E-4 0.0494 0.2027  3.278 0.1723 0.1873  2.275 0.0000 0.0218  0.000  0.000  0.0000          
 1.04662E+08  3.255  3.625  1.328  8.121  3.839  0.926 5.16E-2 1.06E-3 0.0585 0.2027  3.200 0.1765 0.1911  2.311 0.0000 0.0227  0.000  0.000  0.0000          
 1.04837E+08  3.196  3.630  1.407  8.123  3.824  0.920 5.71E-2 1.22E-3 0.0646 0.2027  3.129 0.1792 0.1937  2.335 0.0000 0.0227  0.000  0.000  0.0000          
 1.05009E+08  3.139  3.635  1.483  8.124  3.814  0.910 6.61E-2 1.46E-3 0.0660 0.2027  3.058 0.1813 0.1957  2.356 0.0000 0.0235  0.000  0.000  0.0000          
 1.05232E+08  3.076  3.640  1.568  8.126  3.804  0.897 7.87E-2 1.84E-3 0.0674 0.2028  2.974 0.1835 0.1978  2.380 0.0000 0.0244  0.000 -0.924  0.0000          
 1.05529E+08  3.015  3.646  1.653  8.129  3.795  0.878 9.61E-2 2.49E-3 0.0689 0.2029  2.888 0.1860 0.2002  2.404 0.0000 0.0244  0.000 -0.985  0.0000          
 1.05988E+08  2.961  3.654  1.739  8.132  3.786  0.847 1.25E-1 3.87E-3 0.0710 0.2029  2.801 0.1888 0.2053  2.434 0.0000 0.0253  0.000 -1.039  0.0000          
 1.06514E+08  2.937  3.661  1.789  8.136  3.778  0.808 1.61E-1 6.08E-3 0.0732 0.2034  2.752 0.1914 0.2087  2.464 0.0000 0.0269  0.000 -1.063  0.0000  Bhe     
 1.07177E+08  2.971  3.673  1.805  8.140  3.771  0.757 2.08E-1 1.00E-2 0.0757 0.2070  2.777 0.1942 0.2139  2.495 0.0000 0.0278  0.000 -1.029  0.0000          
 1.07399E+08  3.014  3.684  1.805  8.142  3.769  0.739 2.24E-1 1.16E-2 0.0765 0.2082  2.832 0.1952 0.2163  2.503 0.0000 0.0278  0.000 -0.986  0.0000          
 1.07551E+08  3.049  3.697  1.822  8.142  3.768  0.728 2.35E-1 1.28E-2 0.0771 0.2095  2.880 0.1957 0.2174  2.509 0.0000 0.0278  0.000 -0.951  0.0000          
 1.10377E+08  3.094  3.707  1.817  8.162  3.755  0.497 4.25E-1 5.27E-2 0.0858 0.2188  2.917 0.2038 0.2203  2.620 0.0000 0.0325  0.000 -0.906  0.0000          
 1.11596E+08  3.112  3.709  1.807  8.173  3.754  0.396 4.94E-1 8.45E-2 0.0899 0.2223  2.918 0.2067 0.2237  2.672 0.0000 0.0352  0.000 -0.888  0.0000  LpT     
 1.14529E+08  3.116  3.694  1.742  8.208  3.780  0.181 5.72E-1 2.22E-1 0.0950 0.2296  2.840 0.2136 0.2306  2.794 0.0000 0.0430  0.000 -0.583  0.0000          
 1.15308E+08  3.093  3.679  1.708  8.222  3.802  0.129 5.62E-1 2.84E-1 0.0958 0.2312  2.765 0.2152 0.2315  2.824 0.0000 0.0462  0.000 -0.430  0.0000          
 1.15997E+08  3.060  3.666  1.690  8.238  3.837  0.083 5.34E-1 3.57E-1 0.0966 0.2317  2.654 0.2166 0.2317  2.849 0.0000 0.0491  0.000 -0.241  0.0000          
 1.17133E+08  3.055  3.651  1.634  8.287  3.971  0.016 4.22E-1 5.37E-1 0.0924 0.2322  2.574 0.2185 0.2309  2.874 0.0000 0.0549  0.000  0.096  0.0000          
 1.17369E+08  3.104  3.643  1.551  8.337  4.135  0.001 3.82E-1 5.91E-1 0.0755 0.2324  2.707 0.2190 0.2292  2.772 0.0000 0.0567  0.000  0.465  0.0000          
 1.17399E+08  3.142  3.638  1.495  8.371  4.273  0.000 3.78E-1 5.96E-1 0.0297 0.2323  2.803 0.2192 0.2282  1.969 0.0000 0.1241  0.000  0.710  0.0000  Ehe     
 1.17416E+08  3.199  3.632  1.415  8.392  4.433  0.000 3.79E-1 5.96E-1 0.0000 0.2323  2.863 0.2192 0.2275  2.344 0.0421 0.1326  0.000  0.915  0.0000          
 1.17555E+08  3.272  3.625  1.313  8.387  4.851  0.000 3.79E-1 5.96E-1 0.0000 0.2323  0.050 0.2196 0.2259  3.274 0.0579 0.1349  0.000  0.874  0.0000          
 1.17617E+08  3.338  3.619  1.224  8.393  4.966  0.000 3.79E-1 5.96E-1 0.0000 0.2323  0.000 0.2196 0.2244  3.334 0.0624 0.1360  0.000  1.094  0.0000          
 1.17711E+08  3.408  3.614  1.130  8.403  5.110  0.000 3.79E-1 5.96E-1 0.0000 0.2323  0.000 0.2196 0.2226  3.399 0.0711 0.1378  0.000  1.221  0.0000          
 1.17798E+08  3.467  3.609  1.051  8.416  5.229  0.000 3.79E-1 5.96E-1 0.0000 0.2323  0.000 0.2196 0.0000  3.455 0.0804 0.1396  0.000  1.348  0.0000          
 1.17884E+08  3.537  3.603  0.960  8.433  5.352  0.000 3.79E-1 5.96E-1 0.0000 0.2323  0.000 0.2196 0.0000  3.524 0.0899 0.1415  0.000  1.524  0.0000          
 1.17944E+08  3.595  3.599  0.883  8.450  5.449  0.000 3.79E-1 5.96E-1 0.0000 0.2323  0.000 0.2196 0.0000  3.580 0.0957 0.1434  0.000  1.682  0.0000          
 1.17998E+08  3.655  3.594  0.803  8.467  5.547  0.000 3.79E-1 5.96E-1 0.0000 0.2308  0.000 0.2196 0.0000  3.633 0.1024 0.1450  0.000  1.856  0.0000          
 1.18044E+08  3.712  3.589  0.726  8.482  5.645  0.000 3.79E-1 5.96E-1 0.0000 0.2285  0.000 0.2196 0.0000  3.684 0.1118 0.1469  0.000  2.032  0.0000          
 1.18085E+08  3.769  3.583  0.646  8.495  5.744  0.000 3.79E-1 5.96E-1 0.0000 0.2267  0.000 0.2196 0.0000  3.742 0.1183 0.1486  0.000  2.208  0.0000          
 1.18120E+08  3.826  3.577  0.567  8.504  5.848  0.000 3.79E-1 5.96E-1 0.0000 0.2251  0.000 0.2196 0.0000  3.798 0.1247 0.1511  0.000  2.383  0.0045          
 1.18154E+08  3.883  3.572  0.488  8.504  5.963  0.000 3.79E-1 5.96E-1 0.0000 0.2231  0.000 0.2196 0.0000  3.854 0.1313 0.1530  0.000  2.571  0.0151          
 1.18188E+08  3.939  3.566  0.410  8.492  6.107  0.000 3.79E-1 5.96E-1 0.0000 0.2109  0.000 0.2109 0.0000  3.904 0.1385 0.1554  0.000  2.789  0.0307          
 1.18216E+08  3.997  3.562  0.333  8.463  6.253  0.000 3.79E-1 5.96E-1 0.0000 0.1915  0.000 0.1915 0.0000  3.957 0.1452 0.1580  0.000  2.984  0.0475          
 1.18235E+08  4.054  3.556  0.255  8.428  6.365  0.000 3.79E-1 5.96E-1 0.0000 0.1825  0.000 0.1825 0.0000  4.008 0.1499 0.1603  0.000  3.116  0.0602          
 1.18250E+08  4.110  3.550  0.176  8.388  6.467  0.000 3.79E-1 5.96E-1 0.0000 0.1778  0.000 0.1778 0.0000  4.056 0.1541 0.1624  0.000  3.220  0.0725          
 1.18265E+08  4.166  3.544  0.095  8.344  6.570  0.000 3.79E-1 5.96E-1 0.0000 0.1750  0.000 0.1750 0.0000  4.099 0.1583 0.1648  0.000  3.311  0.0857          
 1.18279E+08  4.221  3.538  0.014  8.300  6.679  0.000 3.79E-1 5.96E-1 0.0000 0.1735  0.000 0.1735 0.0000  4.157 0.1626 0.1677  0.000  3.388  0.1004          
 1.18297E+08  4.163  3.544  0.097  8.246  6.824  0.000 3.79E-1 5.96E-1 0.0000 0.1727  0.000 0.1727 0.1727  4.076 0.1684 0.1716  0.000  3.457  0.1172          
 1.18299E+08  4.101  3.552  0.189  8.240  6.841  0.000 3.79E-1 5.96E-1 0.0000 0.1727  1.999 0.1727 0.1728  3.996 0.1689 0.1719  0.000  3.461  0.1190          
 1.18303E+08  4.156  3.545  0.108  8.230  6.866  0.000 3.79E-1 5.96E-1 0.0000 0.1728  3.800 0.1727 0.1728  3.775 0.1695 0.1722  0.000  3.462  0.1221          
 1.18307E+08  4.209  3.539  0.030  8.218  6.894  0.000 3.79E-1 5.96E-1 0.0000 0.1729  4.014 0.1728 0.1729  3.641 0.1701 0.1724  0.000  3.449  0.1246  C=0.8643
