 age/yr       logL   logTef grav   logTc  logrho Xc,Yc Xc_C    Xc_O    Q_conv Q_disc  logL_H Q1_H  Q2_H    logL_He Q1_He Q2_He  logL_C logL_nu Q_Tmax
 0.00000E+00  3.283  4.321  4.230  7.464  1.143  0.707 4.89E-5 9.12E-3 0.2861 0.0000  3.131 0.0000 0.4410  0.000 0.0000 0.0000  0.000  0.000  0.0000
 9.07736E+05  3.231  4.316  4.256  7.467  1.132  0.696 5.95E-5 7.79E-3 0.3434 0.3554  3.234 0.0000 0.4410  0.000 0.0000 0.0000  0.000  0.000  0.0000          
 1.32736E+07  3.294  4.302  4.141  7.466  1.094  0.596 9.89E-5 3.26E-3 0.3181 0.3554  3.298 0.0000 0.2803  0.000 0.0000 0.0000  0.000  0.000  0.0000          
 2.30335E+07  3.358  4.292  4.040  7.473  1.088  0.499 1.15E-4 1.80E-3 0.2880 0.3787  3.360 0.0000 0.2605  0.000 0.0000 0.0000  0.000  0.000  0.0000          
 3.06800E+07  3.418  4.280  3.928  7.484  1.092  0.397 1.26E-4 1.10E-3 0.2605 0.3900  3.420 0.0000 0.2410  0.000 0.0000 0.0000  0.000  0.000  0.0000          
 3.66913E+07  3.473  4.263  3.804  7.496  1.109  0.297 1.35E-4 7.52E-4 0.2282 0.3900  3.476 0.0000 0.2179  0.000 0.0000 0.0000  0.000  0.000  0.0000          
 4.13908E+07  3.522  4.241  3.671  7.512  1.139  0.200 1.44E-4 5.75E-4 0.2037 0.4011  3.524 0.0000 0.1952  0.000 0.0000 0.0000  0.000  0.000  0.0000          
 4.50467E+07  3.568  4.214  3.515  7.534  1.198  0.099 1.56E-4 4.70E-4 0.1725 0.4011  3.569 0.0000 0.1690  0.000 0.0000 0.0000  0.000  0.000  0.0000          
 4.65480E+07  3.590  4.201  3.443  7.554  1.256  0.050 1.67E-4 4.31E-4 0.1600 0.4011  3.591 0.0000 0.1576  0.000 0.0000 0.0000  0.000  0.000  0.0000          
 4.70455E+07  3.600  4.199  3.424  7.567  1.293  0.032 1.73E-4 4.17E-4 0.1532 0.4011  3.600 0.0000 0.1532  0.000 0.0000 0.0000  0.000  0.000  0.0000    
 4.75946E+07  3.619  4.207  3.439  7.598  1.385  0.010 1.91E-4 3.97E-4 0.1485 0.4011  3.615 0.0000 0.2037  0.000 0.0000 0.0000  0.000  0.000  0.0000          
 4.78109E+07  3.656  4.236  3.521  7.654  1.571  0.001 2.25E-4 3.87E-4 0.1307 0.4011  3.606 0.0000 0.2665  0.000 0.0000 0.0000  0.000  0.000  0.0000          
 4.78312E+07  3.678  4.249  3.546  7.683  1.695  0.000 2.42E-4 3.85E-4 0.1049 0.4011  3.548 0.0000 0.3107  0.000 0.0000 0.0000  0.000  0.000  0.0000          
 4.78389E+07  3.687  4.253  3.556  7.703  1.849  0.000 2.53E-4 3.85E-4 0.0301 0.4011  3.589 0.0000 0.3554  0.000 0.0000 0.0000  0.000  0.000  0.0000    
 4.78401E+07  3.684  4.253  3.557  7.703  1.890  0.000 2.55E-4 3.85E-4 0.0000 0.4011  3.640 0.0000 0.3434  0.000 0.0000 0.0000  0.000  0.000  0.0000    
 4.78473E+07  3.649  4.241  3.544  7.694  2.067  0.982 2.55E-4 3.85E-4 0.0000 0.4011  3.745 0.0396 0.3255  0.000 0.0000 0.0000  0.000  0.000  0.0000          
 4.78548E+07  3.634  4.221  3.478  7.699  2.205  0.982 2.55E-4 3.85E-4 0.0000 0.4011  3.739 0.0514 0.3107  0.000 0.0000 0.0000  0.000  0.000  0.0000          
 4.78608E+07  3.645  4.204  3.402  7.707  2.297  0.982 2.55E-4 3.85E-4 0.0000 0.4011  3.745 0.0573 0.2995  0.000 0.0000 0.0000  0.000  0.000  0.0000          
 4.78679E+07  3.661  4.186  3.314  7.717  2.391  0.982 2.55E-4 3.85E-4 0.0000 0.4011  3.751 0.0677 0.2842  0.000 0.0000 0.0000  0.000  0.000  0.0000          
 4.78758E+07  3.674  4.166  3.219  7.730  2.486  0.982 2.55E-4 3.85E-4 0.0000 0.4011  3.757 0.0758 0.2744  0.000 0.0000 0.0000  0.000  0.000  0.0000          
 4.78847E+07  3.683  4.142  3.117  7.745  2.581  0.982 2.55E-4 3.85E-4 0.0000 0.4011  3.760 0.0848 0.2665  0.000 0.0000 0.0000  0.000  0.000  0.0000          
 4.78944E+07  3.687  4.116  3.007  7.763  2.677  0.982 2.55E-4 3.85E-4 0.0000 0.4011  3.761 0.0936 0.2526  0.000 0.0000 0.0000  0.000  0.000  0.0000     
 4.79048E+07  3.685  4.085  2.884  7.783  2.775  0.982 2.55E-4 3.85E-4 0.0000 0.4011  3.761 0.1017 0.2444  0.000 0.0000 0.0000  0.000  0.000  0.0000          
 4.79102E+07  3.682  4.067  2.816  7.794  2.823  0.982 2.55E-4 3.85E-4 0.0000 0.4011  3.760 0.1052 0.2383  0.000 0.0000 0.0000  0.000  0.000  0.0000          
 4.79157E+07  3.678  4.047  2.741  7.806  2.873  0.982 2.55E-4 3.85E-4 0.0000 0.4011  3.757 0.1087 0.2342  0.000 0.0000 0.0000  0.000  0.000  0.0000          
 4.79214E+07  3.671  4.025  2.660  7.818  2.922  0.982 2.55E-4 3.85E-4 0.0000 0.4011  3.755 0.1132 0.2300  0.000 0.0000 0.0000  0.000  0.000  0.0000          
 4.79271E+07  3.662  4.000  2.569  7.831  2.971  0.982 2.55E-4 3.85E-4 0.0000 0.4011  3.751 0.1160 0.2239  0.000 0.0000 0.0000  0.000  0.000  0.0000          
 4.79329E+07  3.650  3.972  2.466  7.845  3.021  0.982 2.55E-4 3.85E-4 0.0000 0.4011  3.746 0.1212 0.2197  0.000 0.0000 0.0000  0.000  0.000  0.0000          
 4.79388E+07  3.635  3.939  2.350  7.859  3.070  0.982 2.55E-4 3.85E-4 0.0000 0.4011  3.739 0.1235 0.2176  0.000 0.0000 0.0000  0.000  0.000  0.0000          
 4.79447E+07  3.614  3.900  2.216  7.874  3.120  0.982 2.55E-4 3.85E-4 0.0000 0.4011  3.729 0.1289 0.2125  0.000 0.0000 0.0000  0.000  0.000  0.0000          
 4.79506E+07  3.586  3.852  2.054  7.889  3.170  0.982 2.55E-4 3.85E-4 0.0000 0.4011  3.718 0.1305 0.2081  0.000 0.0000 0.0000  0.000  0.000  0.0000          
 4.79565E+07  3.547  3.790  1.844  7.905  3.220  0.982 2.55E-4 3.85E-4 0.0000 0.4011  3.702 0.1351 0.2052  0.000 0.0000 0.0000  0.000  0.000  0.0000          
 4.79624E+07  3.486  3.706  1.568  7.921  3.270  0.982 2.55E-4 3.85E-4 0.0000 0.4011  3.680 0.1374 0.2016  0.000 0.0000 0.0000  0.000  0.000  0.0000          
 4.79660E+07  3.426  3.678  1.514  7.931  3.301  0.982 2.55E-4 3.85E-4 0.0000 0.3984  3.665 0.1396 0.1995  0.000 0.0000 0.0000  0.000  0.000  0.0000          
 4.79683E+07  3.384  3.666  1.511  7.937  3.320  0.982 2.55E-4 3.85E-4 0.0000 0.3984  3.657 0.1396 0.1984  0.000 0.0000 0.0000  0.000  0.000  0.0000          
 4.79702E+07  3.368  3.658  1.493  7.943  3.336  0.982 2.55E-4 3.85E-4 0.0000 0.3956  3.648 0.1396 0.1973  0.000 0.0000 0.0000  0.000  0.000  0.0000     
 4.79737E+07  3.415  3.642  1.382  7.953  3.365  0.982 2.55E-4 3.85E-4 0.0000 0.3956  3.635 0.1413 0.1952  0.000 0.0000 0.0000  0.000  0.000  0.0000          
 4.79757E+07  3.487  3.632  1.272  7.958  3.382  0.982 2.55E-4 3.85E-4 0.0000 0.3956  3.632 0.1427 0.1945  0.000 0.0000 0.0000  0.000  0.000  0.0000          
 4.79781E+07  3.570  3.623  1.153  7.965  3.402  0.982 2.55E-4 3.85E-4 0.0000 0.3900  3.636 0.1441 0.1937  0.000 0.0000 0.0000  0.000  0.000  0.0000          
 4.79805E+07  3.629  3.618  1.072  7.971  3.422  0.982 2.55E-4 3.85E-4 0.0000 0.3787  3.645 0.1441 0.1930  0.000 0.0000 0.0000  0.000  0.000  0.0000          
 4.79867E+07  3.696  3.611  0.978  7.988  3.472  0.982 2.55E-4 3.85E-4 0.0000 0.3584  3.671 0.1468 0.1916  0.000 0.0000 0.0000  0.000  0.000  0.0000          
 4.79998E+07  3.758  3.605  0.893  8.023  3.574  0.982 2.56E-4 3.85E-4 0.0000 0.3154  3.723 0.1518 0.1901  0.000 0.0000 0.0029  0.000  0.000  0.0000          
 4.80152E+07  3.823  3.600  0.808  8.064  3.691  0.982 3.13E-4 3.85E-4 0.0000 0.2792  3.784 0.1577 0.1884  0.300 0.0000 0.0195  0.000  0.000  0.0000          
 4.80306E+07  3.884  3.596  0.731  8.118  3.773  0.980 1.58E-3 3.85E-4 0.0057 0.2512  3.841 0.1625 0.1874  2.187 0.0000 0.0195  0.000  0.000  0.0000          
 4.80743E+07  3.927  3.593  0.673  8.142  3.649  0.973 7.85E-3 3.95E-4 0.0515 0.2363  3.888 0.1714 0.1914  2.830 0.0000 0.0242  0.000  0.000  0.0000     
 4.83276E+07  3.869  3.597  0.748  8.151  3.569  0.941 3.54E-2 6.07E-4 0.0733 0.2371  3.815 0.1924 0.2116  2.917 0.0000 0.0302  0.000  0.000  0.0000          
 4.84963E+07  3.811  3.602  0.824  8.157  3.548  0.916 5.94E-2 9.93E-4 0.0775 0.2376  3.739 0.2010 0.2198  2.982 0.0000 0.0303  0.000  0.000  0.0000          
 4.86400E+07  3.751  3.607  0.905  8.162  3.534  0.890 8.38E-2 1.58E-3 0.0819 0.2379  3.658 0.2064 0.2248  3.027 0.0000 0.0339  0.000  0.000  0.0000          
 4.87917E+07  3.687  3.612  0.989  8.165  3.522  0.861 1.12E-1 2.50E-3 0.0855 0.2383  3.567 0.2111 0.2291  3.064 0.0000 0.0340  0.000  0.000  0.0000          
 4.89507E+07  3.631  3.619  1.069  8.168  3.513  0.829 1.42E-1 3.86E-3 0.0877 0.2389  3.479 0.2147 0.2327  3.096 0.0000 0.0340  0.000 -0.369  0.0000          
 4.91856E+07  3.576  3.625  1.149  8.173  3.503  0.780 1.88E-1 6.68E-3 0.0912 0.2392  3.379 0.2188 0.2395  3.133 0.0000 0.0371  0.000 -0.424  0.0000          
 4.95599E+07  3.547  3.634  1.212  8.180  3.494  0.701 2.61E-1 1.35E-2 0.0960 0.2396  3.299 0.2239 0.2454  3.179 0.0000 0.0371  0.000 -0.453  0.0000     
 4.98345E+07  3.594  3.649  1.224  8.185  3.493  0.638 3.17E-1 2.09E-2 0.0979 0.2423  3.342 0.2268 0.2503  3.208 0.0000 0.0420  0.000 -0.406  0.0000          
 4.98947E+07  3.651  3.668  1.244  8.186  3.493  0.624 3.28E-1 2.28E-2 0.0983 0.2435  3.413 0.2275 0.2526  3.212 0.0000 0.0420  0.000 -0.349  0.0000          
 4.99295E+07  3.682  3.696  1.326  8.186  3.493  0.616 3.35E-1 2.40E-2 0.0987 0.2442  3.463 0.2279 0.2537  3.215 0.0000 0.0420  0.000 -0.318  0.0000          
 4.99478E+07  3.695  3.725  1.427  8.187  3.493  0.612 3.38E-1 2.46E-2 0.0988 0.2449  3.485 0.2283 0.2549  3.216 0.0000 0.0420  0.000 -0.305  0.0000          
 4.99766E+07  3.708  3.762  1.565  8.187  3.493  0.605 3.44E-1 2.56E-2 0.0990 0.2453  3.512 0.2287 0.2557  3.219 0.0000 0.0420  0.000 -0.292  0.0000          
 5.00054E+07  3.720  3.791  1.669  8.188  3.493  0.598 3.50E-1 2.67E-2 0.0993 0.2460  3.531 0.2291 0.2572  3.222 0.0000 0.0420  0.000 -0.280  0.0000          
 5.00379E+07  3.729  3.816  1.759  8.189  3.493  0.591 3.56E-1 2.79E-2 0.0999 0.2468  3.549 0.2295 0.2588  3.226 0.0000 0.0420  0.000 -0.271  0.0000          
 5.00743E+07  3.740  3.839  1.840  8.189  3.493  0.583 3.63E-1 2.93E-2 0.1002 0.2481  3.564 0.2301 0.2606  3.231 0.0000 0.0420  0.000 -0.260  0.0000          
 5.01106E+07  3.746  3.856  1.902  8.190  3.493  0.575 3.70E-1 3.07E-2 0.1005 0.2487  3.575 0.2305 0.2606  3.236 0.0000 0.0420  0.000 -0.254  0.0000          
 5.01721E+07  3.752  3.873  1.965  8.192  3.492  0.561 3.81E-1 3.33E-2 0.1009 0.2508  3.588 0.2317 0.2537  3.245 0.0000 0.0420  0.000 -0.248  0.0000          
 5.02409E+07  3.754  3.877  1.978  8.193  3.493  0.544 3.95E-1 3.64E-2 0.1009 0.2521  3.592 0.2324 0.2544  3.251 0.0000 0.0420  0.000 -0.246  0.0000  
 5.04070E+07  3.750  3.861  1.918  8.197  3.495  0.503 4.27E-1 4.49E-2 0.1023 0.2544  3.580 0.2344 0.2556  3.269 0.0000 0.0420  0.000 -0.250  0.0000          
 5.09894E+07  3.759  3.846  1.847  8.213  3.504  0.366 5.22E-1 8.66E-2 0.1086 0.2596  3.558 0.2397 0.2608  3.336 0.0000 0.0499  0.000 -0.241  0.0000   
 5.14002E+07  3.764  3.830  1.781  8.227  3.520  0.270 5.72E-1 1.33E-1 0.1127 0.2634  3.533 0.2428 0.2641  3.381 0.0000 0.0499  0.000 -0.236  0.0000          
 5.16416E+07  3.763  3.814  1.715  8.238  3.536  0.213 5.90E-1 1.72E-1 0.1151 0.2649  3.512 0.2448 0.2657  3.409 0.0000 0.0553  0.000  0.064  0.0000          
 5.17879E+07  3.760  3.798  1.653  8.245  3.549  0.178 5.96E-1 2.00E-1 0.1167 0.2657  3.493 0.2460 0.2672  3.426 0.0000 0.0553  0.000  0.061  0.0000          
 5.19071E+07  3.756  3.782  1.596  8.252  3.562  0.152 5.95E-1 2.27E-1 0.1178 0.2665  3.478 0.2468 0.2672  3.439 0.0000 0.0583  0.000  0.057  0.0000          
 5.19849E+07  3.752  3.765  1.531  8.256  3.570  0.136 5.92E-1 2.47E-1 0.1192 0.2673  3.457 0.2473 0.2679  3.449 0.0000 0.0583  0.000  0.053  0.0000          
 5.20572E+07  3.746  3.747  1.463  8.261  3.579  0.121 5.87E-1 2.66E-1 0.1199 0.2673  3.439 0.2479 0.2679  3.456 0.0000 0.0612  0.000  0.047  0.0000          
 5.21114E+07  3.741  3.731  1.404  8.264  3.587  0.110 5.82E-1 2.82E-1 0.1203 0.2674  3.423 0.2482 0.2679  3.462 0.0000 0.0613  0.000  0.218  0.0000          
 5.21588E+07  3.734  3.713  1.340  8.268  3.595  0.101 5.77E-1 2.96E-1 0.1205 0.2680  3.406 0.2488 0.2680  3.467 0.0000 0.0613  0.000  0.212  0.0000          
 5.22053E+07  3.725  3.693  1.269  8.271  3.603  0.091 5.72E-1 3.12E-1 0.1208 0.2680  3.384 0.2491 0.2680  3.471 0.0000 0.0613  0.000  0.202  0.0000          
 5.22482E+07  3.712  3.675  1.211  8.275  3.610  0.084 5.65E-1 3.26E-1 0.1215 0.2681  3.353 0.2494 0.2681  3.479 0.0000 0.0666  0.000  0.189  0.0000          
 5.23068E+07  3.685  3.659  1.172  8.279  3.622  0.073 5.54E-1 3.48E-1 0.1223 0.2687  3.291 0.2499 0.2681  3.483 0.0000 0.0666  0.000  0.287  0.0000          
 5.23519E+07  3.652  3.646  1.152  8.283  3.631  0.065 5.45E-1 3.65E-1 0.1226 0.2687  3.201 0.2501 0.2676  3.487 0.0000 0.0666  0.000  0.351  0.0000          
 5.24580E+07  3.629  3.631  1.117  8.294  3.659  0.047 5.19E-1 4.09E-1 0.1230 0.2689  3.064 0.2508 0.2666  3.495 0.0000 0.0667  0.000  0.407  0.0000          
 5.27486E+07  3.671  3.619  1.025  8.360  3.858  0.003 4.19E-1 5.53E-1 0.1071 0.2693  3.151 0.2525 0.2652  3.467 0.0000 0.0715  0.000  0.875  0.0000          
 5.27738E+07  3.712  3.613  0.961  8.410  4.035  0.000 4.09E-1 5.65E-1 0.0475 0.2694  3.280 0.2528 0.2636  2.781 0.0000 0.1507  0.000  1.244  0.0000     
 5.28193E+07  3.784  3.605  0.859  8.448  4.527  0.000 4.10E-1 5.65E-1 0.0000 0.2693  1.106 0.2533 0.2622  3.789 0.0668 0.1587  0.000  1.508  0.0000          
 5.28369E+07  3.854  3.599  0.764  8.464  4.650  0.000 4.10E-1 5.65E-1 0.0000 0.2694 -0.146 0.2534 0.2601  3.847 0.0730 0.1587  0.000  1.609  0.0000          
 5.28606E+07  3.922  3.594  0.674  8.487  4.801  0.000 4.10E-1 5.65E-1 0.0000 0.2694  0.000 0.2535 0.2580  3.908 0.0805 0.1587  0.000  1.780  0.0000          
 5.28914E+07  3.992  3.587  0.577  8.522  4.985  0.000 4.10E-1 5.65E-1 0.0000 0.2696  0.000 0.2536 0.0000  3.974 0.0915 0.1599  0.000  2.030  0.0000          
 5.29252E+07  4.059  3.581  0.484  8.562  5.191  0.000 4.10E-1 5.65E-1 0.0000 0.2698  0.000 0.2537 0.0000  4.036 0.1047 0.1600  0.000  2.349  0.0000          
 5.29540E+07  4.117  3.575  0.403  8.598  5.392  0.000 4.10E-1 5.65E-1 0.0000 0.2655  0.000 0.2539 0.0000  4.085 0.1168 0.1601  0.000  2.678  0.0000          
 5.29788E+07  4.174  3.569  0.323  8.635  5.615  0.000 4.10E-1 5.65E-1 0.0000 0.2618  0.000 0.2540 0.0000  4.130 0.1240 0.1602  0.000  3.045  0.0000          
 5.30010E+07  4.232  3.563  0.238  8.660  5.927  0.000 4.10E-1 5.65E-1 0.0000 0.2592  0.000 0.2542 0.0000  4.186 0.1370 0.1598  0.709  3.523  0.0153          
 5.30223E+07  4.292  3.560  0.168  8.650  6.467  0.000 4.10E-1 5.65E-1 0.0000 0.1804  0.000 0.1804 0.0000  4.212 0.1484 0.1579  3.512  4.218  0.0527          
 5.30247E+07  4.322  3.558  0.128  8.624  6.539  0.000 4.10E-1 5.65E-1 0.0000 0.1755  0.000 0.1755 0.0000  4.219 0.1497 0.1579  4.274  4.318  0.0424   
