#    HJD     Phase  dmagV
#(2400000+)
2445993.28766 0.462
2445993.28002 0.439
2445993.28833 0.454
2445993.28870 0.445
2445993.28955 0.447
2445993.29144 0.456
2445993.29773 0.461
2445993.29803 0.461
2445993.29840 0.469
2445993.29877 0.456
2445993.30157 0.470
2445993.30194 0.475
2445993.30231 0.478
2445993.30261 0.478
2445993.30573 0.486
2445993.30609 0.481
2445993.30640 0.480
2445993.30676 0.483
2445993.30774 0.479
2445993.30963 0.475
2445993.31525 0.475
2445993.31561 0.477
2445993.31592 0.476
2445993.31628 0.483
2445993.31946 0.476
2445993.31982 0.480
2445993.32019 0.483
2445993.32050 0.479
2445993.32361 0.477
2445993.32397 0.482
2445993.32434 0.481
2445993.32465 0.480
2445993.33850 0.477
2445993.33887 0.479
2445993.33923 0.476
2445993.33954 0.481
2445993.34039 0.484
2445993.34229 0.480
2445993.34729 0.482
2445993.34766 0.487
2445993.34802 0.482
2445993.34839 0.486
2445993.35144 0.484
2445993.35181 0.485
2445993.35217 0.482
2445993.35248 0.491
2445993.35657 0.489
2445993.35687 0.495
2445993.35718 0.497
2445993.35754 0.495
2445993.35840 0.504
2445993.36023 0.501
2445993.36542 0.505
2445993.36578 0.516
2445993.36615 0.512
2445993.36646 0.525
2445993.36993 0.510
2445993.37030 0.512
2445993.37061 0.523
2445993.37555 0.514
2445993.37592 0.521
2445993.37622 0.518
2445993.37659 0.517
2445993.39465 0.564
2445993.39496 0.561
2445993.39532 0.567
2445993.39569 0.566
2445993.39667 0.563
2445993.39856 0.578
2445993.40338 0.610
2445993.40375 0.613
2445993.40405 0.616
2445993.40442 0.617
2445993.40710 0.632
2445993.40741 0.631
2445993.40778 0.628
2445993.40814 0.629
2445993.41071 0.645
2445993.41107 0.643
2445993.41138 0.639
2445993.41174 0.651
2445993.41260 0.646
2445993.41449 0.662
2445993.41919 0.699
2445993.41956 0.700
2445993.41986 0.706
2445993.42023 0.700
2445993.42303 0.732
2445993.42334 0.728
2445993.42371 0.733
2445993.42407 0.735
2445993.42706 0.746
2445993.42743 0.749
2445993.42773 0.763
2445993.42810 0.753
2445993.42865 0.761
2445993.42969 0.771
2445993.43335 0.768
2445993.43365 0.769
2445993.43402 0.781
2445993.43439 0.780
2445993.44049 0.799
2445993.44080 0.791
2445993.44116 0.802
2445993.44153 0.815
2445993.44482 0.801
2445993.44513 0.797
2445993.44550 0.795
2445993.44586 0.793
2445993.44885 0.792
2445993.44922 0.812
2445993.44958 0.805
2445993.44989 0.798
2445993.45282 0.788
2445993.45319 0.788
2445993.45355 0.795
2445993.45392 0.786
2445993.45447 0.782
2445993.45544 0.779
2445993.45947 0.788
2445993.45984 0.782
2445993.46014 0.777
2445993.46051 0.768
2445994.26862 1.454
2445994.26898 1.465
2445994.26929 1.479
2445994.26965 1.475
2445994.27020 1.514
2445994.27124 1.530
2445994.27576 1.640
2445994.27612 1.644
2445994.27649 1.658
2445994.27679 1.668
2445994.27930 1.706
2445994.27960 1.706
2445994.27997 1.706
2445994.28033 1.713
2445994.28314 1.684
2445994.28351 1.666
2445994.28381 1.667
2445994.28418 1.656
2445994.28735 1.590
2445994.28772 1.575
2445994.28802 1.565
2445994.28839 1.553
2445994.29138 1.453
2445994.29175 1.436
2445994.29211 1.436
2445994.29242 1.423
2445994.29303 1.401
2445994.29401 1.364
2445994.29919 1.236
2445994.29956 1.218
2445994.29993 1.208
2445994.30023 1.219
2445994.30316 1.125
2445994.30353 1.114
2445994.30383 1.102
2445994.30420 1.093
2445994.30676 1.020
2445994.30713 1.011
2445994.30750 1.010
2445994.30780 0.994
2445994.32098 0.832
2445994.32135 0.839
2445994.32172 0.831
2445994.32202 0.819
2445994.32263 0.818
2445994.32361 0.815
2445994.32776 0.689
2445994.32813 0.690
2445994.32843 0.675
2445994.32880 0.671
2445994.33173 0.673
2445994.33209 0.668
2445994.33240 0.667
2445994.33276 0.668
2445994.33630 0.609
2445994.33667 0.612
2445994.33704 0.611
2445994.33734 0.598
2445994.33832 0.598
2445994.34021 0.590
2445994.34528 0.567
2445994.34558 0.565
2445994.34601 0.560
2445994.34637 0.561
2445994.34991 0.555
2445994.35028 0.545
2445994.35059 0.539
2445994.35095 0.546
2445994.35382 0.536
2445994.35419 0.538
2445994.35449 0.534
2445994.35486 0.539
2445994.37683 0.533
2445994.37720 0.526
2445994.37750 0.535
2445994.37787 0.523
2445994.37872 0.529
2445994.38062 0.526
2445994.38635 0.500
2445994.38666 0.506
2445994.38702 0.506
2445994.38739 0.498
2445994.39044 0.489
2445994.39081 0.490
2445994.39117 0.484
2445994.39148 0.497
2445994.39496 0.489
2445994.39532 0.485
2445994.39563 0.481
2445994.39600 0.488
2445994.39685 0.489
2445994.39874 0.484
2445994.40363 0.492
2445994.40399 0.494
2445994.40430 0.492
2445994.40466 0.491
2445994.40765 0.482
2445994.40802 0.482
2445994.40839 0.474
2445994.40869 0.481
2445994.41168 0.486
2445994.41205 0.488
2445994.41235 0.491
2445994.41272 0.488
2445994.42352 0.501
2445994.42389 0.498
2445994.42419 0.488
2445994.42535 0.500
2445994.42725 0.492
2445994.43207 0.465
2445994.43243 0.451
2445994.43280 0.481
2445994.43311 0.456
2445994.43579 0.461
2445994.43616 0.471
2445994.43652 0.467
2445994.43689 0.464
2445995.28064 0.491
2445995.28094 0.488
2445995.28131 0.488
2445995.28168 0.488
2445995.28247 0.497
2445995.28436 0.485
2445995.29169 0.503
2445995.29199 0.502
2445995.29236 0.500
2445995.29272 0.503
2445995.29559 0.519
2445995.29596 0.507
2445995.29626 0.516
2445995.29663 0.514
2445995.29962 0.519
2445995.29993 0.523
2445995.30029 0.519
2445995.30066 0.523
2445995.30145 0.524
2445995.30334 0.524
2445995.30823 0.541
2445995.30859 0.527
2445995.30890 0.539
2445995.30927 0.531
2445995.31219 0.533
2445995.31256 0.542
2445995.31293 0.539
2445995.31323 0.545
2445995.31592 0.543
2445995.31628 0.552
2445995.31665 0.550
2445995.31696 0.545
2445995.32867 0.574
2445995.32904 0.580
2445995.32941 0.583
2445995.32971 0.577
2445995.33057 0.589
2445995.33246 0.595
2445995.33722 0.649
2445995.33759 0.649
2445995.33795 0.635
2445995.33826 0.645
2445995.34082 0.665
2445995.34113 0.661
2445995.34149 0.658
2445995.34186 0.667
2445995.34491 0.698
2445995.34521 0.706
2445995.34558 0.703
2445995.34595 0.709
2445995.34674 0.732
2445995.34863 0.742
2445995.35339 0.818
2445995.35376 0.822
2445995.35413 0.835
2445995.35443 0.831
2445995.35742 0.864
2445995.35779 0.868
2445995.35809 0.883
2445995.35846 0.887
2445995.36121 0.937
2445995.36157 0.947
2445995.36188 0.981
2445995.36224 0.960
2445995.37262 1.207
2445995.37299 1.207
2445995.37335 1.213
2445995.37372 1.238
2445995.37451 1.240
2445995.37640 1.296
2445995.38110 1.457
2445995.38147 1.461
2445995.38177 1.471
2445995.38214 1.485
2445995.38477 1.565
2445995.38513 1.584
2445995.38550 1.582
2445995.38580 1.595
2445995.38849 1.666
2445995.38879 1.673
2445995.38916 1.693
2445995.38953 1.677
2445995.39197 1.699
2445995.39233 1.706
2445995.39270 1.698
2445995.39301 1.712
2445995.39563 1.670
2445995.39600 1.671
2445995.39630 1.662
2445995.39667 1.655
2445995.39954 1.575
2445995.39984 1.568
2445995.40021 1.560
2445995.40057 1.558
2445995.40112 1.544
2445995.40210 1.505
2445995.40613 1.381
2445995.40649 1.350
2445995.40686 1.352
2445995.40717 1.354
2445995.41016 1.246
2445995.41052 1.243
2445995.41089 1.231
2445995.41119 1.220
2445995.41418 1.156
2445995.41455 1.154
2445995.41492 1.138
2445995.41522 1.135
2445995.41638 1.112
2445995.41827 1.071
2445995.42322 0.954
2445995.42358 0.951
2445995.42389 0.945
2445995.42426 0.943
2445995.42719 0.871
2445995.42755 0.855
2445995.42786 0.855
2445995.42822 0.855
2445995.43103 0.797
2445995.43134 0.781
2445995.43170 0.783
2445995.43207 0.777
2445995.43475 0.764
2445995.43512 0.762
2445995.43549 0.759
2445995.43579 0.761
2446001.27360 0.625
2446001.27395 0.630
2446001.27429 0.637
2446001.27464 0.624
2446001.27545 0.621
2446001.27646 0.632
2446001.28014 0.576
2446001.28048 0.564
2446001.28063 0.566
2446001.28118 0.568
2446001.28363 0.578
2446001.28398 0.574
2446001.28433 0.578
2446001.28467 0.577
2446001.28738 0.552
2446001.28773 0.556
2446001.28808 0.555
2446001.28842 0.555
2446001.28926 0.565
2446001.29026 0.555
2446001.29403 0.539
2446001.29437 0.538
2446001.29474 0.544
2446001.29509 0.549
2446001.29789 0.539
2446001.29824 0.538
2446001.29859 0.540
2446001.29893 0.546
2446001.30214 0.519
2446001.30249 0.524
2446001.30283 0.508
2446001.30318 0.515
2446001.30596 0.536
2446001.30631 0.528
2446001.30665 0.527
2446001.30700 0.527
2446001.30883 0.517
2446001.31070 0.525
2446001.31509 0.492
2446001.31544 0.490
2446001.31579 0.498
2446001.31613 0.490
2446001.31952 0.502
2446001.31987 0.504
2446001.32022 0.504
2446001.32057 0.502
2446001.32352 0.502
2446001.32386 0.496
2446001.32421 0.498
2446001.32456 0.505
2446001.33412 0.491
2446001.33447 0.487
2446001.33481 0.492
2446001.33516 0.493
2446001.33639 0.494
2446001.33826 0.484
2446001.34354 0.464
2446001.34389 0.467
2446001.34423 0.465
2446001.34458 0.461
2446001.34750 0.468
2446001.34785 0.468
2446001.34819 0.465
2446001.34854 0.465
2446001.35177 0.460
2446001.35212 0.465
2446001.35246 0.457
2446001.35281 0.465
2446001.35423 0.465
2446001.35611 0.457
2446001.36125 0.461
2446001.36160 0.471
2446001.36194 0.464
2446001.36229 0.464
2446001.36507 0.457
2446001.36542 0.468
2446001.36576 0.462
2446001.36611 0.458
2446001.36873 0.462
2446001.36907 0.462
2446001.36942 0.461
2446001.36977 0.458
2446001.38582 0.502
2446001.38617 0.498
2446001.38651 0.502
2446001.38686 0.504
2446001.38786 0.514
2446001.38973 0.519
2446001.39514 0.510
2446001.39548 0.507
2446001.39583 0.494
2446001.39618 0.504
2446001.39908 0.493
2446001.39943 0.492
2446001.39978 0.493
2446001.40013 0.494
2446001.40302 0.513
2446001.40337 0.508
2446001.40371 0.516
2446001.40406 0.512
2446001.40526 0.497
2446001.40714 0.512
2446001.41221 0.510
2446001.41256 0.507
2446001.41290 0.513
2446001.41325 0.510
2446001.41618 0.526
2446001.41653 0.516
2446001.41687 0.523
2446001.41722 0.528