Uwaga - plik w wersji PAD
859 Bouzareah PERIOD=24.91799 hrs      ZERO PHASE AT    18.00 UT

2021 Nov 14 +1.800 
0.001   -6.164
0.005   -6.162
0.009   -6.143
0.016   -6.144
0.020   -6.142
0.024   -6.133
0.031   -6.135
0.035   -6.121
0.039   -6.125
0.042   -6.126
0.046   -6.102
0.896   -6.246
0.899   -6.227
0.903   -6.228
0.911   -6.225
0.915   -6.221
0.918   -6.217
0.926   -6.220
0.930   -6.219
0.945   -6.211
0.948   -6.205
0.952   -6.204
0.956   -6.197
0.963   -6.191
0.967   -6.189
0.971   -6.190
0.978   -6.178
0.982   -6.173
0.986   -6.175
0.990   -6.175
0.997   -6.171

2021 Dec 8  +3.168 
0.264   -6.185
0.267   -6.167
0.271   -6.154
0.275   -6.170
0.279   -6.151
0.358   -6.193
0.395   -6.181
0.399   -6.188
0.403   -6.198
0.407   -6.195
0.410   -6.177
0.414   -6.185
0.418   -6.193
0.422   -6.182
0.422   -6.194
0.425   -6.181
0.429   -6.184
0.433   -6.171
0.437   -6.175
0.440   -6.172
0.444   -6.174
0.448   -6.181
0.452   -6.188
0.455   -6.181
0.459   -6.179
0.463   -6.174
0.467   -6.163
0.471   -6.170
0.474   -6.169
0.474   -6.158
0.478   -6.159
0.482   -6.144
0.486   -6.137
0.489   -6.133

2022 Jan 12 +2.515 
0.199   -6.163
0.203   -6.161
0.210   -6.163
0.218   -6.173
0.226   -6.162
0.233   -6.169
0.237   -6.130
0.244   -6.146
0.252   -6.145
0.259   -6.159
0.267   -6.173
0.271   -6.163
0.278   -6.162
0.286   -6.155
0.293   -6.161
0.301   -6.181
0.305   -6.165
0.312   -6.163
0.320   -6.169
0.327   -6.174
0.331   -6.158
0.338   -6.166
0.346   -6.165
0.353   -6.162
0.361   -6.176
0.365   -6.188
0.372   -6.182
0.380   -6.188
0.440   -6.173
0.447   -6.176
0.455   -6.175
0.459   -6.178
0.466   -6.175
0.474   -6.184
0.481   -6.170
0.489   -6.160
0.493   -6.168
0.500   -6.149
0.508   -6.136
0.515   -6.129
0.523   -6.128
0.526   -6.115
0.534   -6.109
0.542   -6.090
0.549   -6.090
0.553   -6.092
0.560   -6.091
0.568   -6.087
0.575   -6.093
0.583   -6.066

2022 Jan 11 +3.019 
0.241   -6.155
0.248   -6.157
0.256   -6.160
0.263   -6.164
0.271   -6.169
0.278   -6.165
0.286   -6.161
0.293   -6.167
0.301   -6.166
0.308   -6.160
0.316   -6.160
0.323   -6.162
0.331   -6.161
0.338   -6.173
0.346   -6.173
0.353   -6.171
0.361   -6.174
0.368   -6.173
0.376   -6.176
0.384   -6.183
0.421   -6.184
0.429   -6.183

2022 Jan 12 +16.603 
0.342   -6.155
0.350   -6.175
0.353   -6.167
0.357   -6.182
0.361   -6.176
0.365   -6.179
0.368   -6.180
0.372   -6.176
0.376   -6.168
0.380   -6.184
0.384   -6.177
0.387   -6.166
0.417   -6.174
0.421   -6.173
0.425   -6.183
0.429   -6.185
0.432   -6.187
0.436   -6.188
0.440   -6.172
0.444   -6.188
0.447   -6.181
0.451   -6.175
0.455   -6.185
0.459   -6.165
0.463   -6.181
0.466   -6.173
0.470   -6.168
0.474   -6.169
0.474   -6.165
0.478   -6.163
0.481   -6.161
0.485   -6.166
0.489   -6.152
0.493   -6.149
0.496   -6.148
0.500   -6.145
0.504   -6.144
0.508   -6.151
0.511   -6.129
0.515   -6.124
0.519   -6.124
0.523   -6.115
0.526   -6.123
0.530   -6.117
0.534   -6.108
0.538   -6.106
0.542   -6.097
0.545   -6.102
0.549   -6.097
0.553   -6.098
0.557   -6.096
0.560   -6.099
0.564   -6.079
0.564   -6.087
0.568   -6.070
0.572   -6.081
0.575   -6.086
0.579   -6.105
0.583   -6.089
0.587   -6.090
0.590   -6.095
0.594   -6.100
0.598   -6.090
0.602   -6.087
0.605   -6.100
0.609   -6.100
0.613   -6.106
0.617   -6.122
0.621   -6.115
0.624   -6.119
0.624   -6.122
0.628   -6.145
0.632   -6.145

2022 Jan 12 +3.647 
0.110   -6.114
0.113   -6.113
0.117   -6.120
0.121   -6.109
0.125   -6.113
0.128   -6.143
0.132   -6.139
0.136   -6.118
0.136   -6.126
0.140   -6.158
0.144   -6.121
0.147   -6.160
0.155   -6.136
0.159   -6.142
0.162   -6.163
0.166   -6.143
0.170   -6.201
0.174   -6.174
0.177   -6.172
0.181   -6.158
0.185   -6.183
0.196   -6.185
0.200   -6.182
0.200   -6.191
0.204   -6.174
0.207   -6.179
0.211   -6.197
0.215   -6.184
0.219   -6.162
0.223   -6.153
0.226   -6.161
0.230   -6.173
0.234   -6.152
0.238   -6.145
0.241   -6.134
0.245   -6.145
0.249   -6.137
0.253   -6.175
0.256   -6.193
0.260   -6.182
0.260   -6.155
0.264   -6.153
0.271   -6.144
0.271   -6.160
0.275   -6.163
0.279   -6.148
0.283   -6.184
0.286   -6.165
0.290   -6.137
0.294   -6.149
0.298   -6.118
0.302   -6.121
0.305   -6.138
0.309   -6.099
0.313   -6.145
0.317   -6.140
0.320   -6.168
0.328   -6.146
0.343   -6.166

2022 Jan 24 +3.227 
0.619   -6.080
0.622   -6.082
0.626   -6.095
0.630   -6.108
0.634   -6.106
0.637   -6.128
0.641   -6.116
0.645   -6.136
0.649   -6.142
0.653   -6.149
0.656   -6.159
0.660   -6.174
0.664   -6.162
0.668   -6.169
0.671   -6.165
0.675   -6.167
0.679   -6.183
0.679   -6.178
0.683   -6.189
0.686   -6.184
0.690   -6.194
0.698   -6.200
0.701   -6.205
0.705   -6.198
0.709   -6.199
0.713   -6.195
0.716   -6.209
0.720   -6.201
0.724   -6.198
0.728   -6.199
0.732   -6.207
0.732   -6.202
0.735   -6.213
0.739   -6.195
0.743   -6.198
0.747   -6.208
0.750   -6.206
0.754   -6.200
0.758   -6.198
0.762   -6.190
0.765   -6.185
0.769   -6.190
0.773   -6.190
0.777   -6.205
0.780   -6.188
0.784   -6.192
0.788   -6.193
0.792   -6.199
0.792   -6.187
0.795   -6.192
0.799   -6.201
0.803   -6.188
0.807   -6.195
0.811   -6.204
0.814   -6.193
0.822   -6.197
0.826   -6.201
0.829   -6.188
0.833   -6.201
0.837   -6.205
0.841   -6.197
0.848   -6.206
0.856   -6.206
0.863   -6.209
0.867   -6.205
0.874   -6.213
0.878   -6.213
0.882   -6.200
0.886   -6.228
0.893   -6.204
0.897   -6.232
0.901   -6.205
0.905   -6.226
0.908   -6.235
0.912   -6.232
0.916   -6.223
0.920   -6.235
0.920   -6.220
0.923   -6.226
0.927   -6.229
0.931   -6.220
0.935   -6.236
0.938   -6.212
0.942   -6.217
0.946   -6.215
0.950   -6.222

2022 Apr 6  -0.000 
0.000   -6.114
0.002   -6.114
0.005   -6.109
0.007   -6.115
0.008   -6.112
0.011   -6.121
0.013   -6.118
0.016   -6.127
0.018   -6.134
0.021   -6.133
0.023   -6.148
0.024   -6.142
0.027   -6.142
0.029   -6.156
0.032   -6.152
0.037   -6.146
0.039   -6.149
0.041   -6.144
0.043   -6.158
0.045   -6.154
0.048   -6.151
0.050   -6.152
0.053   -6.153
0.055   -6.142
0.057   -6.144
0.059   -6.140
0.061   -6.132
0.064   -6.136
0.066   -6.119
0.069   -6.131
0.071   -6.131
0.073   -6.129
0.075   -6.135
0.077   -6.120
0.080   -6.133
0.082   -6.134
0.085   -6.123
0.087   -6.131
0.089   -6.134
0.091   -6.125
0.093   -6.131
0.096   -6.120
0.098   -6.126
0.101   -6.113
0.103   -6.125
0.105   -6.125
0.107   -6.113
0.110   -6.107
0.112   -6.109
0.114   -6.118
0.117   -6.128
0.119   -6.112
0.121   -6.114
0.123   -6.117
0.126   -6.123
0.128   -6.118
0.130   -6.116
0.133   -6.124
0.135   -6.124
0.137   -6.124
0.139   -6.116
0.142   -6.117
0.144   -6.125
0.146   -6.125
0.149   -6.127
0.150   -6.116
0.153   -6.132
0.155   -6.126
0.158   -6.129
0.160   -6.137
0.162   -6.127
0.165   -6.149
0.166   -6.139
0.169   -6.142
0.171   -6.136
0.174   -6.144
0.176   -6.154
0.179   -6.152
0.181   -6.160
0.182   -6.155
0.185   -6.163
0.187   -6.164
0.190   -6.156
0.192   -6.166
0.195   -6.166
0.197   -6.166
0.198   -6.174
0.201   -6.167
0.203   -6.170
0.206   -6.170
0.208   -6.173
0.211   -6.169
0.213   -6.166
0.214   -6.159
0.217   -6.168
0.219   -6.179
0.222   -6.168
0.224   -6.173
0.227   -6.176
0.229   -6.170
0.230   -6.171
0.233   -6.171
0.235   -6.174
0.238   -6.172
0.240   -6.176
0.243   -6.178
0.245   -6.177
0.247   -6.161
0.249   -6.173
0.251   -6.161
0.254   -6.158
0.256   -6.163
