Uwaga - plik w wersji PAD
859 Bouzareah PERIOD=24.91599 hrs      ZERO PHASE AT    16.22 UT

2020 Sep 21 -0.591 
0.094   -2.880
0.098   -2.889
0.102   -2.874
0.105   -2.901
0.109   -2.883
0.113   -2.892
0.117   -2.877
0.120   -2.878
0.124   -2.886
0.128   -2.878
0.132   -2.875
0.135   -2.867
0.135   -2.869
0.139   -2.867
0.143   -2.856
0.147   -2.852
0.150   -2.857
0.154   -2.857
0.158   -2.854
0.162   -2.849
0.166   -2.845
0.169   -2.855
0.169   -2.854
0.173   -2.855
0.181   -2.832
0.184   -2.834
0.188   -2.854
0.192   -2.837
0.196   -2.840
0.199   -2.832
0.203   -2.836
0.203   -2.819
0.207   -2.828
0.211   -2.825
0.214   -2.832
0.218   -2.854
0.222   -2.838
0.226   -2.850
0.229   -2.829
0.233   -2.844
0.233   -2.819
0.237   -2.823
0.241   -2.821
0.245   -2.814

2020 Sep 22 -0.616 
0.035   -2.889
0.042   -2.866
0.050   -2.903
0.057   -2.904
0.061   -2.891
0.069   -2.881
0.076   -2.894
0.084   -2.889
0.091   -2.876
0.095   -2.869
0.102   -2.880
0.110   -2.882
0.121   -2.874
0.151   -2.871
0.159   -2.855
0.163   -2.852
0.170   -2.851
0.178   -2.832
0.185   -2.850
0.193   -2.823
0.196   -2.841
0.204   -2.841
0.212   -2.840
0.219   -2.846
0.227   -2.847
0.978   -2.846
0.986   -2.856
0.993   -2.884

2020 Sep 22 -0.372 
0.005   -2.887
0.013   -2.887
0.017   -2.885
0.024   -2.879
0.032   -2.879
0.039   -2.883
0.047   -2.889
0.051   -2.899
0.058   -2.889
0.066   -2.895
0.073   -2.888
0.081   -2.880
0.084   -2.876
0.092   -2.877
0.137   -2.874
0.182   -2.849
0.923   -2.863
0.930   -2.877
0.938   -2.881
0.945   -2.882
0.949   -2.887
0.957   -2.875
0.964   -2.876
0.972   -2.883
0.979   -2.871
0.983   -2.893
0.990   -2.882
0.998   -2.886

2020 Sep 29 -0.226 
0.777   -2.841
0.785   -2.848
0.789   -2.835
0.796   -2.838
0.804   -2.839
0.811   -2.841
0.819   -2.855
0.826   -2.840
0.834   -2.861
0.841   -2.849
0.849   -2.852
0.853   -2.865
0.860   -2.851
0.868   -2.859
0.875   -2.869
0.883   -2.871
0.886   -2.866
0.894   -2.871
0.902   -2.870
0.909   -2.875
0.917   -2.879
0.920   -2.879
0.928   -2.881
0.935   -2.875
0.943   -2.881
0.950   -2.871
0.954   -2.878
0.962   -2.885
0.969   -2.883
0.977   -2.888

2020 Nov 2  +12.690 
0.385   -2.838
0.393   -2.862
0.397   -2.854
0.404   -2.859
0.412   -2.849
0.415   -2.840
0.423   -2.845
0.427   -2.849
0.430   -2.857
0.438   -2.841
0.442   -2.860
0.445   -2.853
0.453   -2.854
0.457   -2.851
0.464   -2.847
0.468   -2.854
0.472   -2.846
0.479   -2.853
0.483   -2.851
0.491   -2.844
0.494   -2.839
0.498   -2.839
0.506   -2.832
0.509   -2.839
0.513   -2.847
0.521   -2.844
0.524   -2.844
0.532   -2.835
0.536   -2.840
0.540   -2.851
0.547   -2.841
0.555   -2.858
0.558   -2.857
0.562   -2.854
0.570   -2.853
0.573   -2.854
0.581   -2.853
0.585   -2.857
0.592   -2.860
0.596   -2.854

2020 Nov 9  -0.000 
0.000   -2.887
0.004   -2.881
0.008   -2.871
0.011   -2.881
0.015   -2.888
0.019   -2.877
0.023   -2.882
0.023   -2.885
0.026   -2.898
0.030   -2.896
0.045   -2.897
0.060   -2.885
0.064   -2.895
0.068   -2.889
0.071   -2.896
0.075   -2.893
0.079   -2.899
0.083   -2.887
0.087   -2.892
0.087   -2.882
0.090   -2.891
0.094   -2.901
0.098   -2.897
0.102   -2.884
0.105   -2.875
0.109   -2.888
0.113   -2.882
0.117   -2.887
0.120   -2.887
0.124   -2.888
0.128   -2.879
0.132   -2.877
0.135   -2.882
0.139   -2.879
0.143   -2.881
0.147   -2.875
0.151   -2.874
0.154   -2.875
0.158   -2.865
0.162   -2.869
0.166   -2.865
0.169   -2.852
0.173   -2.859
0.177   -2.859
0.177   -2.845
0.181   -2.852
0.184   -2.834
0.188   -2.838
0.192   -2.831
0.196   -2.837
0.199   -2.833
0.203   -2.828
0.207   -2.825
0.211   -2.824
0.214   -2.818
0.218   -2.819
0.222   -2.814
0.226   -2.819
0.230   -2.812
0.233   -2.803
0.237   -2.814
0.241   -2.808
0.245   -2.822
0.248   -2.807
0.252   -2.819
0.256   -2.806
0.260   -2.819
0.263   -2.803
0.267   -2.811
0.267   -2.814
0.271   -2.794
0.275   -2.786
0.278   -2.828
0.282   -2.801
0.286   -2.813
0.290   -2.800
0.293   -2.826
0.297   -2.808
0.301   -2.819
0.305   -2.808
0.309   -2.799
0.312   -2.801
0.316   -2.827
0.320   -2.811
0.324   -2.798
0.327   -2.801
0.331   -2.791
0.335   -2.789
0.339   -2.799
0.342   -2.783
0.346   -2.797
0.346   -2.817
0.350   -2.807
0.354   -2.818
0.361   -2.797

2020 Nov 21 +0.546 
0.581   -2.864
0.585   -2.851
0.589   -2.866
0.593   -2.850
0.596   -2.842
0.600   -2.861
0.604   -2.846
0.608   -2.848
0.615   -2.844
0.619   -2.858
0.623   -2.823
0.627   -2.858
0.627   -2.862
0.630   -2.848
0.630   -2.856
0.634   -2.856
0.634   -2.854
0.638   -2.861
0.638   -2.848
0.642   -2.852
0.642   -2.857
0.645   -2.851
0.645   -2.849
0.649   -2.847
0.649   -2.854
0.653   -2.855
0.657   -2.876
0.657   -2.862
0.660   -2.879
0.660   -2.865
0.664   -2.872
0.664   -2.835
0.668   -2.858
0.668   -2.846
0.672   -2.870
0.672   -2.843
0.675   -2.855
0.675   -2.851
0.679   -2.854
0.679   -2.869
0.683   -2.837
0.683   -2.840
0.687   -2.857
0.687   -2.850
0.691   -2.841
0.691   -2.825
0.694   -2.840
0.694   -2.846
0.698   -2.848
0.698   -2.851
0.702   -2.842
0.702   -2.851
0.706   -2.831
0.706   -2.841
0.709   -2.842
0.709   -2.842
0.713   -2.847
0.713   -2.834
0.717   -2.838
0.717   -2.830
0.721   -2.846
0.721   -2.854
0.724   -2.842
0.724   -2.835
0.728   -2.833
0.728   -2.848
0.732   -2.834
0.732   -2.835
0.736   -2.837
0.736   -2.835
0.739   -2.838
0.739   -2.824
0.743   -2.843
0.743   -2.823
0.747   -2.833
0.747   -2.826
0.751   -2.822
0.751   -2.832
0.754   -2.827
0.754   -2.835
0.758   -2.817
0.758   -2.830
0.762   -2.826
0.762   -2.829
0.766   -2.844
0.766   -2.831
0.770   -2.830
0.770   -2.827
0.773   -2.835
0.773   -2.844

2020 Nov 22 -0.704 
0.469   -2.850
0.492   -2.837
0.496   -2.848
0.503   -2.870
0.507   -2.855
0.522   -2.854
0.541   -2.844
0.545   -2.858
0.548   -2.858
0.552   -2.865
0.556   -2.849
0.560   -2.847
0.563   -2.838
0.567   -2.830
0.571   -2.832
0.579   -2.841
0.582   -2.848
0.586   -2.851
0.590   -2.848
0.594   -2.851
0.597   -2.864
0.601   -2.856
0.605   -2.857
0.609   -2.830
0.616   -2.836
0.620   -2.827
0.624   -2.842
0.627   -2.838
0.631   -2.849
0.635   -2.845
0.639   -2.837
0.642   -2.826
0.646   -2.844
0.654   -2.831
0.658   -2.836
0.661   -2.844
0.665   -2.836
0.669   -2.857
0.673   -2.846
0.676   -2.856
0.680   -2.856
0.684   -2.859
0.688   -2.851
0.691   -2.846
0.695   -2.846
0.703   -2.838
0.706   -2.834
0.710   -2.832
0.714   -2.825
0.718   -2.854
0.721   -2.839
0.725   -2.833
0.729   -2.845
0.733   -2.847
0.737   -2.845
0.740   -2.865
0.744   -2.857
0.752   -2.843
0.755   -2.847
0.759   -2.856
0.763   -2.855
0.767   -2.839
0.770   -2.849
0.778   -2.864
0.782   -2.832
0.785   -2.834
0.789   -2.837
0.793   -2.849
0.797   -2.845
0.801   -2.850
0.804   -2.832
0.808   -2.826
0.812   -2.832
