Uwaga - plik w wersji PAD
859 Bouzareah PERIOD=24.98595 hrs      ZERO PHASE AT    5.25 UT

2018 May 9  +0.069 
0.691   10.026
0.706   10.015
0.755    9.994
0.778    9.966
0.793    9.967
0.819   10.009
0.830    9.976

2018 May 10 +0.054 
0.652    9.988
0.663   10.004
0.678   10.003
0.697   10.031
0.719    9.996
0.742   10.006
0.753   10.025
0.776   10.000

2018 May 14 +0.026 
0.483    9.927
0.494    9.950
0.528    9.946
0.550    9.986
0.569    9.974
0.588    9.974
0.610    9.988

2018 May 15 +0.000 
0.425    9.988
0.436    9.968
0.451    9.967
0.485    9.958
0.503    9.932
0.522    9.947
0.533    9.961
0.567    9.964

2018 May 19 -0.042 
0.259   10.022
0.271   10.024
0.286   10.008
0.342    9.997
0.357    9.970
0.368    9.997
0.398    9.988

2018 May 20 -0.055 
0.212   10.044
0.224   10.013
0.235   10.010
0.265   10.000
0.291    9.992
0.310    9.974
0.325    9.972
0.336    9.997
0.347   10.002

2018 May 25 -0.000 
0.000    9.881
0.011    9.892
0.023    9.891
0.034    9.896
0.056    9.927
0.075    9.947
0.083    9.932
0.094    9.962
0.105    9.992
0.113    9.991
0.124    9.986
0.131    9.977
0.139    9.969
0.143    9.969

2018 May 26 +0.047 
0.002    9.855
0.017    9.891
0.043    9.915
0.054    9.925
0.066    9.956
0.081    9.972
0.096    9.969
0.103    9.974
0.957    9.880
0.972    9.868
0.983    9.856
0.991    9.859

2018 Jun 1  -0.059 
0.701   10.007
0.731   10.014
0.758    9.993
0.788    9.987
0.818    9.989
0.833    9.981

2018 Jun 2  -0.047 
0.658    9.995
0.688   10.019
0.744    9.999
0.786   10.000

2018 Jun 3  -0.016 
0.645   10.029
0.675   10.002
0.705   10.011
0.731   10.004
0.750   10.000

2018 Jun 13 +0.070 
0.190   10.013
0.216   10.013
0.284   10.023
